75 220 270 0 15 88 50
87 776 -76 0 15 98 50
103 726 361 0 15 113 50
113 -166 -399 0 15 119 50
128 368 -474 0 15 141 50
134 -101 305 0 15 137 50
141 616 389 255 15 146 50
152 933 -427 0 15 156 50
156 906 -491 0 15 166 50
159 -641 -290 255 15 170 50
161 -496 141 255 15 174 50
171 556 -399 0 15 185 50
181 565 122 0 15 183 50
185 493 -359 255 15 192 50
189 -523 -441 255 15 194 50
198 -495 439 0 15 198 50
200 -520 -501 0 15 201 50
207 674 355 255 15 215 50
209 -919 -114 255 15 216 50
213 76 137 0 15 225 50
216 645 74 0 15 217 50
230 -1 -116 255 15 244 50
231 -164 416 255 15 243 50
232 401 432 0 15 243 50
240 515 299 0 15 250 50
258 838 288 0 15 258 50
258 -362 20 255 15 260 50
259 -545 46 255 15 267 50
265 -383 -496 0 15 278 50
273 -335 307 0 15 278 50
275 703 -335 255 15 280 50
282 173 485 255 15 293 50
293 792 110 0 15 302 50
293 342 -236 0 15 301 50
295 -876 38 255 15 309 50
308 -436 -423 255 15 312 50
316 452 102 0 15 329 50
317 -473 -196 0 15 325 50
324 -266 448 255 15 332 50
327 -268 105 255 15 333 50
340 286 -61 0 15 353 50
344 -542 84 0 15 353 50
347 -46 -287 255 15 360 50
348 47 -101 255 15 354 50
368 398 129 0 15 373 50
368 108 109 0 15 372 50
369 -644 414 255 15 377 50
375 550 376 255 15 388 50
387 546 -16 0 15 389 50
388 342 120 0 15 399 50
392 618 -355 255 15 392 50
403 80 -226 255 15 417 50
404 578 -446 0 15 416 50
407 -308 279 255 15 414 50
414 -151 352 0 15 422 50
429 -266 22 255 15 441 50
431 -2 484 0 15 431 50
432 518 129 255 15 443 50
437 325 150 0 15 442 50
446 -817 -453 0 15 455 50
456 -726 44 255 15 460 50
457 646 -327 0 15 468 50
458 -650 -361 255 15 463 50
470 -772 34 0 15 481 50
475 -322 -448 255 15 475 50
478 606 223 255 15 487 50
483 -337 -295 0 15 486 50
490 -416 251 255 15 498 50
496 -571 -49 0 15 507 50
501 438 -95 0 15 507 50
502 715 33 255 15 503 50
513 649 84 255 15 520 50
518 632 477 255 15 532 50
522 951 -269 0 15 527 50
522 -800 222 0 15 531 50
535 -127 -231 255 15 536 50
542 -292 527 0 15 547 50
546 -10 -322 0 15 551 50
547 -957 -388 255 15 553 50
551 -842 -480 255 15 552 50
562 -410 -346 0 15 565 50
566 -147 -435 0 15 578 50
567 182 -503 255 15 571 50
568 650 -206 255 15 568 50
580 -785 511 0 15 580 50
583 -888 502 255 15 591 50
586 893 -202 255 15 595 50
593 598 356 0 15 599 50
595 -128 -394 0 15 606 50
606 30 -269 255 15 611 50
610 -884 252 255 15 624 50
614 -640 462 0 15 625 50
621 460 -270 0 15 622 50
626 -60 -313 255 15 636 50
637 -289 56 0 15 641 50
639 325 63 255 15 643 50
640 -362 -23 0 15 651 50
651 679 -457 255 15 653 50
656 364 478 0 15 668 50
658 512 105 255 15 671 50
666 667 235 0 15 677 50
668 -796 398 255 15 674 50
683 708 178 0 15 691 50
686 419 213 255 15 695 50
689 -676 -350 255 15 700 50
692 10 -533 0 15 706 50
706 357 352 0 15 712 50
710 -66 -214 255 15 712 50
715 764 -283 255 15 726 50
721 -606 158 0 15 727 50
727 -58 -15 255 15 728 50
727 -509 -413 0 15 734 50
741 329 -487 255 15 746 50
742 1 -313 0 15 752 50
743 -247 -526 255 15 757 50
749 -493 -337 0 15 763 50
761 136 -415 255 15 770 50
767 -152 -201 0 15 777 50
772 23 322 255 15 778 50
778 -434 -131 0 15 790 50
785 -902 -520 255 15 793 50
792 584 392 0 15 793 50
793 -55 -473 255 15 799 50
805 -130 330 0 15 818 50
808 140 -339 255 15 814 50
808 907 152 0 15 814 50
814 -29 -518 255 15 827 50
829 102 -347 255 15 841 50
829 -388 -360 0 15 834 50
833 627 -187 0 15 841 50
842 295 378 255 15 852 50
849 -13 -370 0 15 856 50
856 -387 24 0 15 856 50
856 546 80 255 15 868 50
867 856 -314 255 15 872 50
871 783 -217 0 15 879 50
871 -39 486 0 15 879 50
883 -781 383 255 15 897 50
887 156 -440 255 15 899 50
894 -814 82 0 15 896 50
894 -223 1 0 15 894 50
909 252 -323 0 15 917 50
911 129 403 0 15 914 50
912 -484 49 255 15 917 50
914 797 -113 255 15 916 50
929 -357 -138 0 15 940 50
931 24 500 255 15 940 50
932 829 -266 255 15 932 50
932 355 -81 0 15 941 50
947 428 -380 255 15 958 50
955 -728 502 255 15 961 50
955 -406 182 0 15 968 50
956 -756 263 0 15 964 50
973 285 -196 255 15 986 50
976 603 -391 255 15 989 50
979 -319 157 0 15 980 50
983 -568 -506 0 15 992 50
995 871 -298 0 15 998 50
1001 -802 -201 255 15 1006 50
1004 -202 -439 255 15 1014 50
1007 -649 496 0 15 1007 50
1013 -49 213 0 15 1025 50
1021 -325 -338 255 15 1031 50
1022 866 22 0 15 1027 50
1029 -723 -390 255 15 1042 50
1040 603 -173 0 15 1041 50
1042 -560 122 0 15 1047 50
1046 299 -24 255 15 1046 50
1056 -225 81 0 15 1056 50
1057 -50 -447 255 15 1058 50
1061 121 74 255 15 1073 50
1062 318 40 0 15 1064 50
1071 -343 -291 0 15 1081 50
1073 -324 -382 255 15 1086 50
1079 840 374 0 15 1084 50
1088 627 184 255 15 1099 50
1096 668 233 0 15 1101 50
1099 -303 190 0 15 1113 50
1101 791 -485 255 15 1115 50
1114 57 -121 255 15 1114 50
1116 57 -393 0 15 1118 50
1128 -533 -293 0 15 1142 50
1129 691 384 255 15 1134 50
1130 935 -19 255 15 1131 50
1133 -233 201 0 15 1141 50
1146 582 -231 255 15 1151 50
1149 723 77 255 15 1155 50
1156 -873 -82 0 15 1157 50
1157 429 521 0 15 1157 50
1166 489 -254 255 15 1179 50
1170 310 -22 255 15 1172 50
1172 408 437 0 15 1177 50
1172 573 -238 0 15 1177 50
1187 -804 236 255 15 1192 50
1192 -688 -366 0 15 1206 50
1192 -746 -14 0 15 1196 50
1194 -410 -154 255 15 1207 50
