4
0 1798 369 3.4914656 1.5707964 1552 67 5.280118 1.5707964 1230 884 1.6088477 1.5707964 960 66 1.492928 1.5707964 50
12 258 169 2.8096948 1.5707964 508 648 5.5171394 1.5707964 1212 884 4.0360966 1.5707964 876 553 2.7812142 1.5707964 50
24 1749 301 5.5208654 1.5707964 1723 933 0.19104388 1.5707964 1057 740 0.36247414 1.5707964 110 997 1.6359868 1.5707964 50
36 1843 685 0.6752088 1.5707964 181 1005 0.3260151 1.5707964 1790 861 1.9062319 1.5707964 1340 193 4.929978 1.5707964 50
48 1393 943 5.023317 1.5707964 1460 996 3.500727 1.5707964 1348 785 4.810261 1.5707964 1395 269 4.336877 1.5707964 50
60 340 505 4.841456 1.5707964 427 429 1.1316842 1.5707964 1582 376 1.4242296 1.5707964 270 523 0.74617195 1.5707964 50
72 1064 930 6.141825 1.5707964 423 742 6.1769166 1.5707964 1164 273 5.8238883 1.5707964 1504 324 5.116041 1.5707964 50
84 1272 622 4.7722034 1.5707964 144 221 0.72905886 1.5707964 1684 632 5.5029454 1.5707964 265 298 3.1979294 1.5707964 50
96 81 574 2.0686905 1.5707964 999 935 4.559747 1.5707964 1463 111 2.6003351 1.5707964 1025 818 3.513335 1.5707964 50
108 920 561 3.2296846 1.5707964 358 232 0.7215526 1.5707964 741 977 0.14961518 1.5707964 1088 741 5.2199764 1.5707964 50
120 323 475 4.6942897 1.5707964 1642 131 0.95078456 1.5707964 1860 744 2.4655275 1.5707964 74 308 5.2478733 1.5707964 50
132 836 923 1.9410756 1.5707964 1205 291 5.826944 1.5707964 803 710 4.53499 1.5707964 746 368 0.72303486 1.5707964 50
144 721 153 5.140815 1.5707964 1146 1024 4.202078 1.5707964 1025 1024 1.8284336 1.5707964 1193 872 5.528317 1.5707964 50
156 496 1025 6.11454 1.5707964 744 676 5.616867 1.5707964 445 892 1.6819451 1.5707964 212 588 5.6032224 1.5707964 50
168 832 583 3.4110582 1.5707964 1084 118 5.172463 1.5707964 724 994 4.83427 1.5707964 1326 978 3.7790897 1.5707964 50
180 893 460 3.8225265 1.5707964 1037 607 0.23860629 1.5707964 625 266 1.1009881 1.5707964 867 529 3.35323 1.5707964 50
192 790 858 0.33807835 1.5707964 977 931 2.4493563 1.5707964 749 758 4.3185964 1.5707964 188 102 5.8002234 1.5707964 50
204 833 662 1.9337322 1.5707964 1494 664 1.004138 1.5707964 1439 991 0.89479315 1.5707964 117 686 3.7708347 1.5707964 50
216 1246 733 2.1012402 1.5707964 738 734 2.937801 1.5707964 1146 326 0.46052268 1.5707964 1337 420 0.79446083 1.5707964 50
228 519 589 5.4964037 1.5707964 1323 313 5.8464437 1.5707964 704 645 0.12822446 1.5707964 1575 680 1.1364487 1.5707964 50
240 1489 227 5.8926992 1.5707964 1300 810 3.5999594 1.5707964 786 439 0.58635855 1.5707964 523 647 1.2262129 1.5707964 50
252 1499 239 3.4048188 1.5707964 153 318 6.1917424 1.5707964 1631 892 4.9151716 1.5707964 1584 946 1.5057021 1.5707964 50
264 1212 202 4.4334407 1.5707964 1600 52 4.6105337 1.5707964 1407 460 0.12370716 1.5707964 1322 663 0.9991068 1.5707964 50
276 1142 258 4.3312526 1.5707964 480 266 0.11490774 1.5707964 488 469 3.0894587 1.5707964 1214 495 6.0197353 1.5707964 50
288 454 985 3.0556881 1.5707964 1024 323 3.66263 1.5707964 729 180 1.2546742 1.5707964 1658 257 2.7485719 1.5707964 50
300 1688 560 3.5429072 1.5707964 1011 982 5.4948893 1.5707964 1554 916 1.707606 1.5707964 66 561 0.49867186 1.5707964 50
312 1365 996 5.369389 1.5707964 1853 58 2.8399882 1.5707964 136 640 0.15314528 1.5707964 347 814 1.1521279 1.5707964 50
324 1086 905 6.267504 1.5707964 935 94 4.0550933 1.5707964 1140 536 1.7197396 1.5707964 990 404 1.5837606 1.5707964 50
336 866 261 5.2118835 1.5707964 791 599 2.9228506 1.5707964 1431 66 5.6379924 1.5707964 1814 134 3.9387877 1.5707964 50
348 219 509 0.7933991 1.5707964 540 326 4.7842836 1.5707964 726 129 4.056429 1.5707964 247 953 2.3485534 1.5707964 50
360 1512 1000 3.7303116 1.5707964 506 778 3.9770057 1.5707964 1775 568 1.2776153 1.5707964 796 981 2.6329741 1.5707964 50
372 1030 576 0.68473214 1.5707964 1846 160 0.54333514 1.5707964 79 875 3.1491482 1.5707964 1327 612 5.874676 1.5707964 50
384 521 367 1.3312864 1.5707964 1161 313 5.942841 1.5707964 1365 153 1.7422554 1.5707964 1621 1006 6.130292 1.5707964 50
396 997 969 5.315171 1.5707964 130 177 0.070205085 1.5707964 1292 264 5.5834866 1.5707964 1476 864 2.2789323 1.5707964 50
408 629 832 2.1969297 1.5707964 1035 273 2.9412043 1.5707964 194 407 2.3421676 1.5707964 1087 311 5.1582613 1.5707964 50
420 368 785 4.3839507 1.5707964 926 575 3.4362435 1.5707964 79 757 4.770055 1.5707964 50 117 2.2890754 1.5707964 50
432 938 961 6.234543 1.5707964 791 589 2.7120063 1.5707964 265 466 3.96401 1.5707964 469 194 5.8520875 1.5707964 50
444 271 902 1.2814672 1.5707964 635 648 2.6352425 1.5707964 740 818 5.880878 1.5707964 1418 286 1.7045406 1.5707964 50
456 500 902 1.0262743 1.5707964 462 522 2.070532 1.5707964 533 780 0.30812415 1.5707964 1132 913 0.4985827 1.5707964 50
468 849 638 5.0389476 1.5707964 1714 226 1.0220371 1.5707964 169 642 0.52030486 1.5707964 1483 636 2.4058466 1.5707964 50
480 76 1003 4.0442734 1.5707964 73 96 0.062857635 1.5707964 943 1001 2.824927 1.5707964 157 429 1.1119345 1.5707964 50
492 1194 291 3.4285629 1.5707964 551 133 1.3351876 1.5707964 1004 1015 4.22777 1.5707964 1502 453 1.9480706 1.5707964 50
504 263 436 4.334873 1.5707964 274 562 4.8380837 1.5707964 1004 811 2.8194492 1.5707964 518 995 3.8944397 1.5707964 50
516 1117 747 5.1785793 1.5707964 844 689 0.0028398868 1.5707964 1093 229 6.015961 1.5707964 69 719 2.0038767 1.5707964 50
528 1433 719 4.733744 1.5707964 1137 932 2.82146 1.5707964 192 745 2.670912 1.5707964 1246 52 3.9627213 1.5707964 50
540 1086 136 0.50710046 1.5707964 1474 207 0.29814506 1.5707964 1183 783 5.873582 1.5707964 1471 904 4.2401767 1.5707964 50
552 1862 415 1.2491932 1.5707964 967 406 3.285728 1.5707964 167 84 3.0700073 1.5707964 327 744 3.7907567 1.5707964 50
564 352 297 3.3372178 1.5707964 781 354 0.36193892 1.5707964 1670 412 2.002634 1.5707964 393 649 6.1947904 1.5707964 50
576 1308 618 0.14456983 1.5707964 568 782 1.2410613 1.5707964 1528 614 2.8225489 1.5707964 1244 853 2.8033533 1.5707964 50
588 530 498 5.5475693 1.5707964 822 728 0.074975185 1.5707964 1181 754 3.1884325 1.5707964 1195 466 3.4362886 1.5707964 50
600 955 633 3.6047533 1.5707964 223 64 3.1568515 1.5707964 574 602 4.9363065 1.5707964 1316 370 5.819178 1.5707964 50
612 86 959 0.33793303 1.5707964 721 302 1.646973 1.5707964 614 339 3.4705217 1.5707964 797 488 4.2902117 1.5707964 50
624 1538 516 1.6858205 1.5707964 328 756 2.418019 1.5707964 623 516 3.8582869 1.5707964 61 234 0.077862635 1.5707964 50
636 1556 495 5.594825 1.5707964 933 817 3.9224813 1.5707964 1709 309 0.7958769 1.5707964 676 188 0.5829835 1.5707964 50
648 1466 678 1.9638264 1.5707964 189 524 5.0468 1.5707964 1486 912 4.1279397 1.5707964 275 100 1.3821433 1.5707964 50
660 570 1015 5.5756807 1.5707964 231 388 2.969928 1.5707964 174 354 3.1057417 1.5707964 666 70 1.2176875 1.5707964 50
672 403 509 2.6349163 1.5707964 476 493 5.1590576 1.5707964 1691 326 1.3312527 1.5707964 1834 1004 5.992225 1.5707964 50
684 356 267 5.6903844 1.5707964 1790 816 5.2370377 1.5707964 640 511 3.0065386 1.5707964 1863 406 2.917983 1.5707964 50
696 1031 914 3.3145518 1.5707964 200 810 4.4028807 1.5707964 695 997 0.75395757 1.5707964 952 183 5.351998 1.5707964 50
708 766 256 5.6013746 1.5707964 1072 216 3.0071406 1.5707964 677 1017 2.7062576 1.5707964 422 966 4.9543204 1.5707964 50
720 1719 981 3.2703643 1.5707964 987 120 6.264455 1.5707964 1106 874 4.618809 1.5707964 364 605 0.8152479 1.5707964 50
732 1851 971 3.7396872 1.5707964 1014 330 0.12096128 1.5707964 294 190 1.2517395 1.5707964 1378 740 5.0206013 1.5707964 50
744 97 518 5.9381943 1.5707964 416 925 4.090732 1.5707964 1801 323 5.6060524 1.5707964 1306 888 5.8055096 1.5707964 50
756 174 962 1.8209962 1.5707964 1732 126 6.282482 1.5707964 520 162 0.6155079 1.5707964 1527 602 1.3940238 1.5707964 50
768 286 637 4.588575 1.5707964 1752 248 0.5280414 1.5707964 143 996 5.506627 1.5707964 957 908 3.9936063 1.5707964 50
780 1484 864 3.078465 1.5707964 1149 184 6.2320666 1.5707964 156 841 5.499424 1.5707964 1429 96 1.3781124 1.5707964 50
792 99 419 5.6923285 1.5707964 1825 868 1.8279508 1.5707964 1478 775 2.4594483 1.5707964 794 542 1.7229832 1.5707964 50
804 647 61 4.212415 1.5707964 1075 207 4.3178024 1.5707964 1639 740 4.288777 1.5707964 1025 98 4.613007 1.5707964 50
816 82 430 2.0206764 1.5707964 760 999 5.8699436 1.5707964 1335 482 3.3214269 1.5707964 402 374 5.0368075 1.5707964 50
828 1604 203 6.1895547 1.5707964 560 468 6.234998 1.5707964 515 744 0.271864 1.5707964 718 583 5.2353086 1.5707964 50
840 1642 366 2.294024 1.5707964 780 634 2.750468 1.5707964 385 780 4.6215653 1.5707964 366 436 2.988259 1.5707964 50
852 936 893 6.192642 1.5707964 153 302 0.7656714 1.5707964 403 1016 5.1604533 1.5707964 636 349 0.32110718 1.5707964 50
864 1525 614 4.2820697 1.5707964 1375 1019 0.50472724 1.5707964 1197 69 4.930978 1.5707964 1536 915 1.2163011 1.5707964 50
876 545 263 2.1365306 1.5707964 714 532 4.349899 1.5707964 648 844 1.1943253 1.5707964 1713 659 4.6122003 1.5707964 50
888 862 876 5.603033 1.5707964 1742 216 0.56298745 1.5707964 1356 204 4.6665406 1.5707964 647 897 5.25597 1.5707964 50
900 322 464 3.4673884 1.5707964 392 984 5.1261935 1.5707964 359 450 3.776773 1.5707964 1304 67 2.410455 1.5707964 50
912 1473 748 1.9565048 1.5707964 1417 422 4.6228094 1.5707964 1144 467 5.8945436 1.5707964 498 52 3.8486645 1.5707964 50
924 1725 400 4.2628145 1.5707964 719 950 1.2196691 1.5707964 633 833 4.7295866 1.5707964 1553 1003 0.0031320022 1.5707964 50
936 346 304 4.2058616 1.5707964 897 586 2.67173 1.5707964 293 353 5.8511534 1.5707964 116 315 2.517916 1.5707964 50
948 445 233 0.31424809 1.5707964 1768 621 1.3310829 1.5707964 1307 679 3.5126307 1.5707964 1369 677 2.6899946 1.5707964 50
960 504 676 5.195189 1.5707964 445 790 4.9922338 1.5707964 209 395 3.0292518 1.5707964 1293 716 0.5964923 1.5707964 50
972 909 987 6.2093782 1.5707964 965 576 0.19315012 1.5707964 1357 126 0.74430835 1.5707964 1148 601 4.376778 1.5707964 50
984 1848 718 3.1148813 1.5707964 718 750 5.0516925 1.5707964 728 54 3.265269 1.5707964 569 1019 5.9526157 1.5707964 50
996 1660 225 3.299517 1.5707964 989 271 4.292328 1.5707964 1120 614 4.2883973 1.5707964 214 440 2.301409 1.5707964 50
1008 1097 526 6.0176773 1.5707964 1572 272 5.224153 1.5707964 509 503 0.6932799 1.5707964 1231 469 5.7338767 1.5707964 50
1020 764 477 0.76430255 1.5707964 1303 467 1.041941 1.5707964 870 806 3.9249606 1.5707964 1537 666 5.4770336 1.5707964 50
1032 834 61 4.918774 1.5707964 866 694 4.813017 1.5707964 1082 555 2.6813946 1.5707964 1654 458 6.226197 1.5707964 50
1044 1214 996 2.4286325 1.5707964 595 744 3.3535256 1.5707964 1212 362 2.5699196 1.5707964 79 332 5.4359355 1.5707964 50
1056 349 711 3.4446118 1.5707964 549 443 0.64008754 1.5707964 1778 430 4.5026693 1.5707964 1845 323 3.5977418 1.5707964 50
1068 1766 303 4.9955134 1.5707964 1045 943 6.2435822 1.5707964 1667 759 3.5123394 1.5707964 248 711 3.5221255 1.5707964 50
1080 1041 970 3.4993494 1.5707964 1825 398 0.20099042 1.5707964 130 623 1.7051246 1.5707964 877 1000 4.9083247 1.5707964 50
1092 531 689 2.5621026 1.5707964 1675 644 6.2721796 1.5707964 1066 245 3.934889 1.5707964 604 124 0.48480982 1.5707964 50
1104 900 945 3.4977252 1.5707964 321 425 3.4046664 1.5707964 1371 767 2.481769 1.5707964 1614 820 5.1365094 1.5707964 50
1116 372 957 3.702118 1.5707964 786 606 2.1320012 1.5707964 1589 538 1.0006802 1.5707964 399 520 4.9214263 1.5707964 50
1128 1733 975 2.8810937 1.5707964 1269 822 3.1624177 1.5707964 633 466 2.341509 1.5707964 874 136 1.9058269 1.5707964 50
1140 1571 920 4.56595 1.5707964 232 286 1.5205842 1.5707964 63 800 4.2232876 1.5707964 652 343 4.0215607 1.5707964 50
1152 1826 251 0.3502809 1.5707964 114 810 4.826516 1.5707964 1543 115 2.7623508 1.5707964 1423 70 3.9278038 1.5707964 50
1164 1767 1010 5.9630723 1.5707964 581 259 2.8798075 1.5707964 1102 419 3.8544717 1.5707964 1598 138 3.4259007 1.5707964 50
1176 1346 341 4.6648073 1.5707964 1337 961 1.6465075 1.5707964 244 752 4.71187 1.5707964 321 275 1.7458829 1.5707964 50
1188 1366 891 5.31171 1.5707964 1741 717 2.2681277 1.5707964 1121 820 2.1037576 1.5707964 122 310 4.253345 1.5707964 50
1200 466 872 1.4598165 1.5707964 885 713 0.49100232 1.5707964 350 963 2.1676767 1.5707964 920 618 1.3111918 1.5707964 50
1212 1659 51 1.1548809 1.5707964 1767 948 0.23281267 1.5707964 1478 406 0.3757137 1.5707964 1763 856 5.2608438 1.5707964 50
1224 1126 109 1.7444125 1.5707964 1353 790 3.5871696 1.5707964 606 650 0.7706175 1.5707964 1205 906 1.0096503 1.5707964 50
1236 1126 335 3.9596183 1.5707964 1125 775 2.3989902 1.5707964 1589 293 5.3567877 1.5707964 1774 101 5.0032454 1.5707964 50
1248 1518 438 2.4354017 1.5707964 1692 720 2.826599 1.5707964 747 875 5.0620604 1.5707964 337 613 0.104997166 1.5707964 50
1260 841 652 2.933899 1.5707964 1502 1019 1.2091409 1.5707964 1151 228 3.6862156 1.5707964 762 310 3.9931417 1.5707964 50
1272 1488 131 3.439701 1.5707964 1471 277 5.48709 1.5707964 72 769 5.7211714 1.5707964 1550 559 0.89863783 1.5707964 50
1284 774 493 1.9586096 1.5707964 963 1013 1.644887 1.5707964 534 402 5.7419705 1.5707964 308 548 0.5775262 1.5707964 50
1296 660 783 5.8871946 1.5707964 1506 921 3.405777 1.5707964 1489 320 4.5013084 1.5707964 494 679 4.606302 1.5707964 50
1308 1553 519 5.2540307 1.5707964 1866 1025 2.9664872 1.5707964 1184 317 1.4621141 1.5707964 411 324 5.6640115 1.5707964 50
1320 198 56 4.0804014 1.5707964 847 371 4.984101 1.5707964 986 218 1.4672991 1.5707964 873 724 0.95151895 1.5707964 50
1332 769 197 3.046318 1.5707964 561 755 5.5850673 1.5707964 558 587 4.1307454 1.5707964 565 298 0.89837646 1.5707964 50
1344 930 103 2.576886 1.5707964 1038 914 4.360932 1.5707964 773 722 1.0822778 1.5707964 971 968 1.741389 1.5707964 50
1356 198 342 1.2162868 1.5707964 761 776 5.3684883 1.5707964 1624 832 6.199354 1.5707964 839 1023 3.656263 1.5707964 50
1368 1471 305 1.8557403 1.5707964 1288 56 0.8511777 1.5707964 581 527 5.72815 1.5707964 187 951 5.3273168 1.5707964 50
1380 284 765 0.6827065 1.5707964 1420 54 0.5135757 1.5707964 517 501 4.223212 1.5707964 1142 711 0.08798368 1.5707964 50
1392 1806 800 2.8336256 1.5707964 913 786 5.8180118 1.5707964 1695 532 2.9428737 1.5707964 118 182 5.0480404 1.5707964 50
1404 84 847 1.9183421 1.5707964 1009 327 4.7015405 1.5707964 1500 678 4.9482074 1.5707964 480 838 3.8270352 1.5707964 50
1416 1413 116 5.097624 1.5707964 1784 274 5.5628157 1.5707964 79 746 2.923219 1.5707964 179 809 3.9558487 1.5707964 50
1428 848 128 3.1828074 1.5707964 1771 681 3.7047305 1.5707964 982 993 6.264944 1.5707964 1679 966 1.6012737 1.5707964 50
1440 1026 661 5.138095 1.5707964 1672 129 5.896518 1.5707964 1330 133 0.62931037 1.5707964 505 474 4.4100547 1.5707964 50
1452 506 842 5.038606 1.5707964 1255 954 6.2411633 1.5707964 651 444 3.2955713 1.5707964 1543 427 5.658244 1.5707964 50
1464 760 479 0.86471313 1.5707964 333 983 1.3127261 1.5707964 1056 384 0.7210148 1.5707964 1211 868 3.9536538 1.5707964 50
1476 885 664 2.3007975 1.5707964 216 233 0.581275 1.5707964 600 189 0.7638074 1.5707964 1036 993 5.6595416 1.5707964 50
1488 1869 695 2.4056938 1.5707964 135 983 0.70950544 1.5707964 1655 858 4.7952228 1.5707964 1651 586 3.7563574 1.5707964 50
1500 381 150 1.11941 1.5707964 1424 255 5.402451 1.5707964 1538 446 0.23222207 1.5707964 903 713 2.2565825 1.5707964 50
1512 1236 218 5.207906 1.5707964 1220 179 2.845695 1.5707964 1794 393 4.9063153 1.5707964 1500 739 4.491249 1.5707964 50
1524 1174 381 4.645922 1.5707964 1188 964 1.2630414 1.5707964 1554 348 6.1890683 1.5707964 930 500 2.9672647 1.5707964 50
1536 411 238 0.83609515 1.5707964 316 975 3.213137 1.5707964 446 90 2.2193682 1.5707964 1836 751 2.2114475 1.5707964 50
1548 74 599 4.982933 1.5707964 904 972 0.30644 1.5707964 148 723 0.71919316 1.5707964 1026 920 5.4862576 1.5707964 50
1560 97 893 0.33848318 1.5707964 455 756 0.9089121 1.5707964 928 223 0.5306169 1.5707964 758 51 3.0763183 1.5707964 50
1572 1207 755 0.26657146 1.5707964 395 958 2.8678422 1.5707964 459 1005 6.1395416 1.5707964 480 930 6.1280313 1.5707964 50
1584 91 868 1.0636905 1.5707964 686 179 5.5075736 1.5707964 379 83 6.0711093 1.5707964 1748 732 0.37858093 1.5707964 50
1596 1393 130 5.4657207 1.5707964 363 207 4.3464766 1.5707964 554 60 3.1213975 1.5707964 867 543 1.9866998 1.5707964 50
1608 1049 917 3.7431498 1.5707964 335 702 6.2342687 1.5707964 1081 766 2.1776118 1.5707964 191 416 1.8368932 1.5707964 50
1620 1013 854 0.34938994 1.5707964 1191 991 2.0778384 1.5707964 1109 932 5.892259 1.5707964 1664 558 5.662241 1.5707964 50
1632 787 527 4.440773 1.5707964 1454 136 3.9697146 1.5707964 1752 120 5.6449313 1.5707964 836 801 0.33977076 1.5707964 50
1644 311 649 3.1177936 1.5707964 1751 205 2.2059247 1.5707964 352 890 5.4908185 1.5707964 1333 318 3.4380398 1.5707964 50
1656 1506 458 5.352178 1.5707964 344 947 5.5560603 1.5707964 1588 433 3.6977096 1.5707964 679 524 1.2381723 1.5707964 50
1668 1157 273 5.803351 1.5707964 1847 611 1.4227263 1.5707964 1731 95 0.9865425 1.5707964 221 378 1.4230335 1.5707964 50
1680 636 384 0.47117028 1.5707964 924 915 5.536382 1.5707964 660 437 4.0595565 1.5707964 958 762 5.6557884 1.5707964 50
1692 1528 178 3.9194667 1.5707964 1021 513 0.12364649 1.5707964 1584 468 5.566506 1.5707964 1639 268 2.5788133 1.5707964 50
1704 1696 457 5.238523 1.5707964 792 454 5.5932856 1.5707964 312 57 3.3407757 1.5707964 959 64 0.08251738 1.5707964 50
1716 915 116 0.9765716 1.5707964 1001 99 2.9965513 1.5707964 447 634 2.356745 1.5707964 207 177 2.5962868 1.5707964 50
1728 1497 909 4.5093517 1.5707964 956 131 2.571583 1.5707964 1741 257 5.691569 1.5707964 913 928 2.5166054 1.5707964 50
1740 265 698 0.4317901 1.5707964 865 919 0.76126045 1.5707964 1639 675 0.77457714 1.5707964 1129 680 4.62189 1.5707964 50
1752 1011 671 1.051448 1.5707964 996 144 1.6337157 1.5707964 929 928 3.7561326 1.5707964 1261 708 1.7926413 1.5707964 50
1764 103 58 3.921795 1.5707964 1305 467 2.1745234 1.5707964 735 987 4.9163237 1.5707964 1259 498 2.567878 1.5707964 50
1776 1668 898 1.2117647 1.5707964 1509 786 4.28243 1.5707964 1791 735 3.6090474 1.5707964 88 161 3.723694 1.5707964 50
1788 473 311 3.2124758 1.5707964 1617 476 3.2031415 1.5707964 529 178 0.79458964 1.5707964 1098 146 2.1217268 1.5707964 50
1800 1659 649 0.58289844 1.5707964 1098 937 2.6666412 1.5707964 183 881 5.709375 1.5707964 1490 226 1.8452358 1.5707964 50
1812 887 301 3.5645359 1.5707964 322 521 0.17938662 1.5707964 508 786 0.124211624 1.5707964 416 677 4.0564213 1.5707964 50
1824 1345 411 1.0855004 1.5707964 635 490 5.3032217 1.5707964 688 57 4.704305 1.5707964 271 775 4.7077255 1.5707964 50
1836 264 97 3.116788 1.5707964 1254 437 2.9564216 1.5707964 892 310 2.426797 1.5707964 1151 465 0.10711537 1.5707964 50
1848 1374 718 2.9179447 1.5707964 248 808 6.250126 1.5707964 629 168 1.7991823 1.5707964 1227 330 0.33734393 1.5707964 50
1860 513 598 3.6853805 1.5707964 1446 778 4.0814204 1.5707964 1213 857 1.1175581 1.5707964 1213 809 0.263717 1.5707964 50
1872 808 773 2.7891827 1.5707964 1766 281 4.544993 1.5707964 1390 298 4.56115 1.5707964 199 693 2.3781323 1.5707964 50
1884 1017 195 2.7134666 1.5707964 853 337 4.5173607 1.5707964 710 168 2.1585207 1.5707964 1022 759 3.5148072 1.5707964 50
1896 702 994 4.7179675 1.5707964 243 670 4.794195 1.5707964 1531 481 1.5900636 1.5707964 1545 789 1.9863579 1.5707964 50
1908 397 251 4.070428 1.5707964 1162 525 1.6656979 1.5707964 553 285 5.012617 1.5707964 948 759 0.00748677 1.5707964 50
1920 413 651 5.6993384 1.5707964 967 702 5.195517 1.5707964 832 564 0.021252524 1.5707964 1011 309 1.4062852 1.5707964 50
1932 95 785 3.7183595 1.5707964 953 933 2.521789 1.5707964 593 536 2.4473364 1.5707964 575 415 4.6231446 1.5707964 50
1944 1178 411 0.2206584 1.5707964 64 453 4.4103894 1.5707964 685 56 0.19642743 1.5707964 1376 415 3.5636494 1.5707964 50
1956 674 71 0.5112927 1.5707964 1788 766 5.4143825 1.5707964 1586 325 5.471117 1.5707964 1597 173 2.588637 1.5707964 50
1968 599 958 3.6272118 1.5707964 1502 824 2.1529365 1.5707964 854 912 1.7505192 1.5707964 791 526 1.6591302 1.5707964 50
1980 1767 124 0.71123564 1.5707964 1555 286 0.5946658 1.5707964 132 940 5.4378867 1.5707964 1623 67 1.9016156 1.5707964 50
1992 1687 637 0.08957422 1.5707964 1340 84 6.062211 1.5707964 1695 525 3.4153254 1.5707964 1142 980 0.17775488 1.5707964 50
2004 192 418 3.6546574 1.5707964 553 293 2.2412453 1.5707964 1807 493 5.266635 1.5707964 715 426 4.074443 1.5707964 50
2016 63 932 3.6683207 1.5707964 1090 206 0.8753162 1.5707964 913 388 2.8231647 1.5707964 1848 798 4.48237 1.5707964 50
2028 825 430 6.268526 1.5707964 300 618 5.066891 1.5707964 1547 635 0.39551166 1.5707964 650 613 0.010855835 1.5707964 50
2040 284 192 6.2813973 1.5707964 1067 468 5.565122 1.5707964 1237 63 2.5937097 1.5707964 943 353 4.123932 1.5707964 50
2052 154 222 1.3031638 1.5707964 516 591 3.7571487 1.5707964 423 517 3.718219 1.5707964 539 713 3.5817332 1.5707964 50
2064 1223 93 1.0697156 1.5707964 1008 853 4.8142753 1.5707964 1726 948 3.854453 1.5707964 1616 109 0.13409373 1.5707964 50
2076 789 1020 0.6978421 1.5707964 1571 473 6.125752 1.5707964 580 560 1.4053612 1.5707964 1549 276 3.5194612 1.5707964 50
2088 1475 334 5.7627497 1.5707964 706 546 6.1529155 1.5707964 1797 244 6.044359 1.5707964 553 348 0.9018623 1.5707964 50
2100 479 900 2.397709 1.5707964 1469 938 2.287749 1.5707964 177 341 2.9735813 1.5707964 703 982 3.2768898 1.5707964 50
2112 1117 206 4.3627205 1.5707964 629 357 2.848614 1.5707964 1631 601 0.43432778 1.5707964 1755 893 5.48389 1.5707964 50
2124 1161 268 1.1530138 1.5707964 114 596 2.947662 1.5707964 1061 399 3.3900964 1.5707964 1063 484 4.337619 1.5707964 50
2136 1655 151 1.9261199 1.5707964 726 237 5.9113455 1.5707964 749 164 1.3467706 1.5707964 1240 834 5.7643185 1.5707964 50
2148 1620 482 5.601518 1.5707964 1756 364 2.2894223 1.5707964 69 123 1.7259073 1.5707964 64 956 2.0926633 1.5707964 50
2160 502 382 3.9470072 1.5707964 1060 718 0.70024276 1.5707964 227 263 1.9769665 1.5707964 866 212 1.1809925 1.5707964 50
2172 1071 511 5.0854225 1.5707964 1055 995 3.698163 1.5707964 344 541 0.9594469 1.5707964 1524 971 0.5666621 1.5707964 50
2184 1848 487 2.0234926 1.5707964 602 436 4.0613117 1.5707964 1279 357 5.6126366 1.5707964 307 724 0.88530993 1.5707964 50
2196 925 463 5.583332 1.5707964 90 591 1.4997085 1.5707964 812 240 1.4970446 1.5707964 337 133 2.0113585 1.5707964 50
2208 217 993 3.5065196 1.5707964 1508 503 2.0846252 1.5707964 192 823 0.30485508 1.5707964 1778 543 0.76931906 1.5707964 50
2220 1090 202 2.8103704 1.5707964 1701 943 0.39918256 1.5707964 226 121 0.9765799 1.5707964 1756 755 2.7822556 1.5707964 50
2232 431 1002 4.599976 1.5707964 635 76 0.95885855 1.5707964 1464 840 2.6539958 1.5707964 193 908 4.475125 1.5707964 50
2244 1737 911 5.583774 1.5707964 1017 152 3.5036824 1.5707964 1196 300 0.3543151 1.5707964 636 727 1.781649 1.5707964 50
2256 1178 739 1.1599201 1.5707964 1094 726 2.4275925 1.5707964 1824 199 1.0647149 1.5707964 625 947 0.4219889 1.5707964 50
2268 1418 775 2.6398218 1.5707964 641 930 0.34496105 1.5707964 1493 939 3.7085464 1.5707964 710 99 2.61847 1.5707964 50
2280 409 168 5.77699 1.5707964 132 1027 4.3783636 1.5707964 1549 128 5.8150845 1.5707964 1189 339 1.665289 1.5707964 50
2292 655 461 4.848983 1.5707964 355 275 5.1675835 1.5707964 1724 130 5.4768863 1.5707964 1115 806 3.2017615 1.5707964 50
2304 744 560 2.0269601 1.5707964 677 927 1.4317133 1.5707964 1222 199 4.877946 1.5707964 1403 1001 4.0740647 1.5707964 50
2316 58 763 5.7496624 1.5707964 1387 712 0.96931064 1.5707964 273 602 2.8262796 1.5707964 1108 512 4.1837068 1.5707964 50
2328 315 172 5.5354495 1.5707964 1047 256 4.379792 1.5707964 310 136 1.4236709 1.5707964 1444 929 1.057234 1.5707964 50
2340 272 238 4.913796 1.5707964 1574 956 2.9219995 1.5707964 975 750 1.739845 1.5707964 1150 174 4.8362913 1.5707964 50
2352 1811 705 5.662108 1.5707964 1032 156 3.0762968 1.5707964 1204 642 1.057442 1.5707964 1415 788 4.5729947 1.5707964 50
2364 98 697 6.1797013 1.5707964 1450 286 2.411985 1.5707964 780 359 4.254151 1.5707964 343 828 5.211144 1.5707964 50
2376 1496 54 1.43258 1.5707964 702 608 4.724628 1.5707964 514 303 5.339719 1.5707964 600 689 3.3063712 1.5707964 50
2388 76 916 3.3185647 1.5707964 1232 967 5.3282394 1.5707964 1065 455 1.9796816 1.5707964 1153 370 2.016202 1.5707964 50
