T 0
0 15.0 6.0 9.0
15 11.0 6.0 11.0
30 10.0 3.0 2.0
45 1.0 6.0 0.0
60 0.0 0.0 10.0
75 13.0 4.0 8.0
90 7.0 3.0 1.0
105 12.0 0.0 2.0
120 8.0 7.0 11.0
135 11.0 5.0 7.0
150 16.0 1.0 11.0
165 16.0 4.0 8.0
180 16.0 4.0 9.0
195 12.0 7.0 6.0
210 9.0 0.0 10.0
225 0.0 0.0 2.0
240 2.0 3.0 1.0
255 4.0 4.0 2.0
270 12.0 5.0 1.0
285 17.0 6.0 9.0
300 4.0 3.0 7.0
315 14.0 1.0 5.0
330 4.0 3.0 2.0
345 10.0 1.0 9.0
360 2.0 5.0 3.0
375 6.0 6.0 10.0
390 17.0 0.0 6.0
405 4.0 1.0 0.0
420 5.0 5.0 9.0
435 12.0 1.0 7.0
450 1.0 5.0 0.0
465 3.0 3.0 10.0
480 5.0 7.0 3.0
495 15.0 0.0 9.0
510 0.0 2.0 4.0
525 0.0 7.0 7.0
540 14.0 4.0 9.0
555 11.0 6.0 0.0
570 13.0 0.0 2.0
585 13.0 3.0 0.0
