T -1
0 1.684533 300.54355 1.9065049
20 1.6488103 475.75317 4.444298
40 1.5165349 1520.6289 5.475057
60 2.8357093 668.38806 3.554938
80 0.22180067 542.90686 1.7536992
100 2.5169835 183.99443 0.898333
120 0.6729704 1247.3458 2.5400217
140 1.4336549 297.7471 2.2325156
160 1.431098 595.0031 2.6808383
180 2.0044808 925.10754 4.0349345
200 2.1492977 174.10342 5.178991
220 2.8247867 273.8244 3.181295
240 0.60004264 1613.5238 2.0226882
260 2.3437057 360.95547 1.1670276
280 0.81829995 295.47864 0.8992906
300 2.5044265 122.83433 0.44173592
320 1.9262999 168.39508 2.5399737
340 2.3729095 395.5844 3.5760381
360 1.2167404 1318.297 0.77795523
380 2.9257529 627.1519 5.987915
400 0.3629726 238.07597 3.1900947
420 2.1001322 216.75232 0.063986026
440 2.544489 247.9094 0.663243
460 2.4144425 1544.1243 4.2543283
480 2.2536385 643.1265 1.0856285
500 0.56989205 139.7162 1.2272483
520 2.134534 237.79616 0.04083138
540 0.41148812 1527.8328 5.5733967
560 0.38521028 1597.8035 4.931521
580 2.390896 154.55144 1.5547026
