time lick whlPos 
0.000 0.000 0.000 
0.000 0.000 0.000 
0.000 0.000 0.000 
0.000 0.000 0.000 
0.000 0.000 0.000 
0.000 0.000 0.000 
0.000 0.000 0.000 
0.000 0.000 0.000 
0.000 0.000 0.000 
0.000 0.000 0.000 
0.000 0.000 0.000 
0.000 0.000 0.000 
0.000 0.000 0.000 
0.000 0.000 0.000 
0.000 0.000 0.000 
0.000 0.000 0.000 
0.000 0.000 0.000 
0.000 0.000 0.000 
0.000 0.000 0.000 
0.000 0.000 0.000 
0.000 0.000 0.000 
0.000 0.000 0.000 
0.000 0.000 0.000 
0.000 0.000 0.000 
0.000 0.000 0.000 
0.000 0.000 0.000 
0.000 0.000 0.000 
0.000 0.000 0.000 
0.000 0.000 0.000 
0.000 0.000 0.000 
0.000 0.000 0.000 
0.000 0.000 0.000 
0.000 0.000 0.000 
0.000 0.000 0.000 
0.000 0.000 0.000 
0.000 0.000 0.000 
0.000 0.000 0.000 
0.000 0.000 0.000 
0.000 0.000 0.000 
0.000 0.000 0.000 
0.000 0.000 0.000 
0.000 0.000 0.000 
0.000 0.000 0.000 
0.000 0.000 0.000 
0.000 0.000 0.000 
0.000 0.000 0.000 
0.000 0.000 0.000 
0.000 0.000 0.000 
0.000 0.000 0.000 
0.000 0.000 0.000 
0.000 0.000 0.000 
0.000 0.000 0.000 
0.000 0.000 0.000 
0.000 0.000 0.000 
0.000 0.000 0.000 
0.000 0.000 0.000 
0.000 0.000 0.000 
0.000 0.000 0.000 
0.000 0.000 0.000 
0.000 0.000 0.000 
0.000 0.000 0.000 
0.000 0.000 0.000 
0.000 0.000 0.000 
0.000 0.000 0.000 
0.000 0.000 0.000 
0.000 0.000 0.000 
0.000 0.000 0.000 
0.000 0.000 0.000 
0.000 0.000 0.000 
0.000 0.000 0.000 
0.000 0.000 0.000 
0.000 0.000 0.000 
0.000 0.000 0.000 
0.000 0.000 0.000 
0.000 0.000 0.000 
0.000 0.000 0.000 
0.000 0.000 0.000 
0.000 0.000 0.000 
0.000 0.000 0.000 
0.000 0.000 0.000 
0.000 0.000 0.000 
0.000 0.000 0.000 
0.000 0.000 0.000 
0.000 0.000 0.000 
0.000 0.000 0.000 
0.000 0.000 0.000 
0.000 0.000 0.000 
0.000 0.000 0.000 
0.000 0.000 0.000 
0.000 0.000 0.000 
0.000 0.000 0.000 
0.000 0.000 0.000 
0.000 0.000 0.000 
0.000 0.000 0.000 
0.000 0.000 0.000 
0.000 0.000 0.000 
0.000 0.000 0.000 
0.000 0.000 0.000 
0.000 0.000 0.000 
0.000 0.000 0.000 
0.000 0.000 0.000 
0.000 0.000 0.000 
0.000 0.000 0.000 
0.000 0.000 0.000 
0.000 0.000 0.000 
0.000 0.000 0.000 
0.000 0.000 0.000 
0.000 0.000 0.000 
0.000 0.000 0.000 
0.000 0.000 0.000 
0.000 0.000 0.000 
0.000 0.000 0.000 
0.000 0.000 0.000 
0.000 0.000 0.000 
0.000 0.000 0.000 
0.000 0.000 0.000 
0.000 0.000 0.000 
0.000 0.000 0.000 
0.000 0.000 0.000 
0.000 0.000 0.000 
0.000 0.000 0.000 
0.000 0.000 0.000 
0.000 0.000 0.000 
0.000 0.000 0.000 
0.000 0.000 0.000 
0.000 0.000 0.000 
0.000 0.000 0.000 
0.000 0.000 0.000 
0.000 0.000 0.000 
0.000 0.000 0.000 
0.000 0.000 0.000 
0.000 0.000 0.000 
0.000 0.000 0.000 
0.000 0.000 0.000 
0.000 0.000 0.000 
0.000 0.000 0.000 
0.000 0.000 0.000 
0.000 0.000 0.000 
0.000 0.000 0.000 
0.000 0.000 0.000 
0.000 0.000 0.000 
0.000 0.000 0.000 
0.000 0.000 0.000 
0.000 0.000 0.000 
0.000 0.000 0.000 
0.000 0.000 0.000 
0.000 0.000 0.000 
0.000 0.000 0.000 
0.000 0.000 0.000 
0.000 0.000 0.000 
0.000 0.000 0.000 
0.000 0.000 0.000 
0.000 0.000 0.000 
0.000 0.000 0.000 
0.000 0.000 0.000 
0.000 0.000 0.000 
0.000 0.000 0.000 
0.000 0.000 0.000 
0.000 0.000 0.000 
0.000 0.000 0.000 
0.000 0.000 0.000 
0.000 0.000 0.000 
0.000 0.000 0.000 
0.000 0.000 0.000 
0.000 0.000 0.000 
0.000 0.000 0.000 
0.000 0.000 0.000 
0.000 0.000 0.000 
0.000 0.000 0.000 
0.000 0.000 0.000 
0.000 0.000 0.000 
0.000 0.000 0.000 
0.000 0.000 0.000 
0.000 0.000 0.000 
0.000 0.000 0.000 
0.000 0.000 0.000 
0.000 0.000 0.000 
0.000 0.000 0.000 
0.000 0.000 0.000 
0.000 0.000 0.000 
0.000 0.000 0.000 
0.000 0.000 0.000 
0.000 0.000 0.000 
0.000 0.000 0.000 
0.000 0.000 0.000 
0.000 0.000 0.000 
0.000 0.000 0.000 
0.000 0.000 0.000 
0.000 0.000 0.000 
0.000 0.000 0.000 
0.000 0.000 0.000 
0.000 0.000 0.000 
0.000 0.000 0.000 
0.000 0.000 0.000 
0.000 0.000 0.000 
0.000 0.000 0.000 
0.000 0.000 0.000 
0.000 0.000 0.000 
0.000 0.000 0.000 
0.000 0.000 0.000 
0.000 0.000 0.000 
0.000 0.000 0.000 
0.000 0.000 0.000 
0.000 0.000 0.000 
0.000 0.000 0.000 
0.000 0.000 0.000 
0.000 0.000 0.000 
0.000 0.000 0.000 
0.000 0.000 0.000 
0.000 0.000 0.000 
0.000 0.000 0.000 
0.000 0.000 1.800 
0.000 0.000 6.300 
0.000 0.000 9.800 
8.890 0.000 9.800 
8.948 0.000 9.800 
9.006 0.000 9.800 
9.062 0.000 9.800 
9.119 0.000 9.800 
9.176 0.000 9.800 
9.234 0.000 9.800 
9.309 0.000 9.800 
9.363 0.000 9.800 
9.418 0.000 9.800 
9.472 0.000 9.800 
9.523 0.000 9.800 
9.578 0.000 9.800 
9.635 0.000 9.800 
9.692 0.000 9.800 
9.753 0.000 9.800 
9.812 0.000 9.800 
9.872 0.000 9.800 
9.930 0.000 9.800 
9.984 0.000 9.800 
10.039 0.000 9.800 
10.099 0.000 9.800 
10.161 0.000 9.800 
10.217 0.000 9.800 
10.275 0.000 9.800 
10.332 0.000 9.800 
10.389 0.000 9.800 
10.443 0.000 9.800 
10.499 0.000 9.800 
10.575 0.000 9.800 
10.632 0.000 9.800 
10.687 0.000 9.800 
10.743 0.000 9.800 
10.798 0.000 9.800 
10.857 0.000 9.800 
10.914 0.000 9.800 
10.971 0.000 9.800 
11.026 0.000 9.800 
11.084 0.000 9.800 
11.142 0.000 9.800 
11.197 0.000 9.800 
11.253 0.000 9.800 
11.312 0.000 9.800 
11.386 0.000 9.800 
11.439 0.000 9.800 
11.494 0.000 9.800 
11.551 0.000 9.800 
11.606 0.000 9.800 
11.662 0.000 9.800 
11.717 0.000 9.800 
11.771 0.000 9.800 
11.826 0.000 9.800 
11.881 0.000 9.800 
11.939 0.000 9.800 
11.996 0.000 9.800 
12.056 0.000 9.800 
12.110 0.000 9.800 
12.165 0.000 9.800 
12.222 0.000 9.800 
12.278 0.000 9.800 
12.333 0.000 9.800 
12.389 0.000 9.800 
12.447 0.000 9.800 
12.540 1.000 9.800 
12.614 1.000 9.800 
12.677 0.000 9.800 
12.732 0.000 9.800 
12.777 0.000 9.800 
12.837 0.000 9.800 
12.891 0.000 9.800 
12.949 0.000 9.800 
13.007 0.000 9.800 
13.061 0.000 9.800 
13.115 0.000 9.800 
13.171 0.000 9.800 
13.232 0.000 9.800 
13.288 0.000 9.800 
13.344 0.000 9.800 
13.407 0.000 9.800 
13.466 0.000 9.800 
13.520 0.000 9.800 
13.580 0.000 9.800 
13.637 0.000 9.800 
13.692 0.000 9.800 
13.747 0.000 9.800 
13.804 0.000 9.800 
13.861 0.000 9.800 
13.918 0.000 9.800 
13.973 0.000 9.800 
14.025 0.000 9.800 
14.078 0.000 9.800 
14.137 0.000 9.800 
14.191 0.000 9.800 
14.247 0.000 9.800 
14.305 0.000 9.800 
14.359 0.000 9.800 
14.433 0.000 9.800 
14.491 0.000 9.800 
14.543 0.000 9.800 
14.599 0.000 9.800 
14.599 0.000 24.300 
14.599 0.000 24.300 
14.599 0.000 24.300 
14.599 0.000 24.300 
14.599 0.000 24.300 
14.599 0.000 24.300 
14.599 0.000 24.300 
14.599 0.000 24.300 
14.599 0.000 24.300 
14.599 0.000 24.300 
14.599 0.000 24.300 
14.599 0.000 24.300 
14.599 0.000 24.300 
14.599 0.000 24.300 
14.599 0.000 24.300 
14.599 0.000 24.300 
14.599 0.000 24.300 
14.599 0.000 24.300 
14.599 0.000 24.300 
14.599 0.000 24.300 
14.599 0.000 24.300 
14.599 0.000 24.300 
14.599 0.000 24.300 
14.599 0.000 24.300 
14.599 0.000 24.300 
14.599 0.000 24.300 
14.599 0.000 24.300 
14.599 0.000 24.300 
14.599 0.000 24.300 
14.599 0.000 24.300 
14.599 0.000 24.300 
14.599 0.000 24.300 
14.599 0.000 24.300 
14.599 0.000 24.300 
14.599 0.000 24.300 
14.599 0.000 24.300 
14.599 0.000 24.300 
14.599 0.000 24.300 
14.599 0.000 24.300 
14.599 0.000 24.300 
14.599 0.000 24.300 
14.599 0.000 24.300 
14.599 0.000 24.300 
14.599 0.000 24.300 
14.599 0.000 24.300 
14.599 0.000 24.300 
14.599 0.000 24.300 
14.599 0.000 24.300 
14.599 0.000 24.300 
14.599 0.000 24.300 
14.599 0.000 24.300 
14.599 0.000 24.300 
14.599 0.000 24.300 
14.599 0.000 24.300 
14.599 0.000 24.300 
14.599 0.000 24.300 
14.599 0.000 24.300 
14.599 0.000 24.300 
14.599 0.000 24.300 
14.599 0.000 24.300 
14.599 0.000 24.300 
14.599 0.000 24.300 
14.599 0.000 24.300 
14.599 0.000 24.300 
14.599 0.000 24.300 
14.599 0.000 24.300 
14.599 0.000 24.300 
14.599 0.000 24.300 
14.599 0.000 24.300 
14.599 0.000 24.300 
14.599 0.000 24.300 
14.599 0.000 24.300 
14.599 0.000 24.300 
14.599 0.000 24.300 
14.599 0.000 24.300 
14.599 0.000 24.300 
14.599 0.000 24.300 
14.599 0.000 24.300 
14.599 0.000 24.300 
14.599 0.000 24.300 
14.599 0.000 24.300 
14.599 0.000 24.300 
14.599 0.000 24.300 
14.599 0.000 24.300 
14.599 0.000 24.300 
14.599 0.000 24.300 
14.599 0.000 24.300 
14.599 0.000 24.300 
14.599 0.000 24.300 
14.599 0.000 24.300 
14.599 0.000 24.300 
14.599 0.000 24.300 
14.599 0.000 24.300 
14.599 0.000 24.300 
14.599 0.000 24.300 
14.599 0.000 24.300 
14.599 0.000 24.300 
14.599 0.000 24.300 
14.599 0.000 24.300 
14.599 0.000 24.300 
14.599 0.000 24.300 
14.599 0.000 24.300 
14.599 0.000 24.300 
14.599 0.000 24.300 
14.599 0.000 24.300 
14.599 0.000 24.300 
14.599 0.000 24.300 
14.599 0.000 24.300 
14.599 0.000 24.300 
14.599 0.000 24.300 
14.599 0.000 24.600 
14.599 0.000 20.400 
14.599 0.000 15.100 
14.599 0.000 10.500 
19.439 0.000 10.500 
19.496 0.000 10.500 
19.552 0.000 10.500 
19.611 0.000 10.500 
19.666 0.000 10.500 
19.723 0.000 10.500 
19.782 0.000 10.500 
19.838 0.000 10.500 
19.953 0.000 10.500 
20.014 0.000 10.500 
20.070 0.000 10.500 
20.127 0.000 10.500 
20.180 0.000 10.500 
20.238 0.000 10.500 
20.294 0.000 10.500 
20.349 0.000 10.500 
20.406 0.000 10.500 
20.462 0.000 10.500 
20.518 0.000 10.500 
20.573 0.000 10.500 
20.629 0.000 10.500 
20.683 0.000 10.500 
20.737 0.000 10.500 
20.793 0.000 10.500 
20.850 0.000 10.500 
20.904 0.000 10.500 
20.959 0.000 10.500 
21.018 0.000 10.500 
21.075 0.000 10.500 
21.130 0.000 10.500 
21.189 0.000 10.500 
21.247 0.000 10.500 
21.301 0.000 10.500 
21.358 0.000 10.500 
21.413 0.000 10.500 
21.466 0.000 10.500 
21.523 0.000 10.500 
21.583 0.000 10.500 
21.639 0.000 10.500 
21.698 0.000 10.500 
21.757 0.000 10.500 
21.811 0.000 10.500 
21.887 0.000 10.500 
21.944 0.000 10.500 
21.996 0.000 10.500 
22.051 0.000 10.500 
22.107 0.000 10.500 
22.163 0.000 10.500 
22.215 0.000 10.500 
22.270 0.000 10.500 
22.323 0.000 10.500 
22.380 0.000 10.500 
22.438 0.000 10.500 
22.497 0.000 10.500 
22.551 0.000 10.500 
22.606 0.000 10.500 
22.663 0.000 10.500 
22.717 0.000 10.500 
22.772 0.000 10.500 
22.829 0.000 10.500 
22.905 0.000 10.500 
22.967 0.000 10.500 
23.028 0.000 10.500 
23.085 0.000 10.500 
23.140 0.000 10.500 
23.202 0.000 10.500 
23.259 0.000 10.500 
23.317 0.000 10.500 
23.370 0.000 10.500 
23.425 0.000 10.500 
23.484 0.000 10.500 
23.544 0.000 10.500 
23.588 0.000 10.500 
23.645 0.000 10.500 
23.699 0.000 10.500 
23.757 0.000 10.500 
23.812 0.000 10.500 
23.872 0.000 10.500 
23.929 0.000 10.500 
23.985 0.000 10.500 
24.042 0.000 10.500 
24.099 0.000 10.500 
24.154 0.000 10.500 
24.200 0.000 10.500 
24.244 0.000 10.500 
24.303 0.000 10.500 
24.358 0.000 10.500 
24.432 0.000 10.500 
24.485 0.000 10.500 
24.544 0.000 10.500 
24.601 0.000 10.500 
24.657 0.000 10.500 
24.711 0.000 10.500 
24.768 0.000 10.500 
24.842 0.000 10.500 
24.898 0.000 10.500 
24.953 0.000 10.500 
25.011 0.000 10.500 
25.067 0.000 10.500 
25.128 0.000 10.500 
25.188 0.000 10.500 
25.247 0.000 10.500 
25.301 0.000 10.500 
25.361 0.000 10.500 
25.417 0.000 10.500 
25.471 0.000 10.500 
25.526 0.000 10.500 
25.581 0.000 10.500 
25.639 0.000 10.500 
25.697 0.000 10.500 
25.754 0.000 10.500 
25.811 0.000 10.500 
25.884 0.000 10.500 
25.940 0.000 10.500 
26.015 0.000 10.500 
26.075 0.000 10.500 
26.122 0.000 10.500 
26.178 0.000 10.500 
26.233 0.000 10.500 
26.309 0.000 10.500 
26.366 0.000 10.500 
26.419 0.000 10.500 
26.476 0.000 10.500 
26.530 0.000 10.500 
26.588 0.000 10.500 
26.642 0.000 10.500 
26.702 0.000 10.500 
26.759 0.000 10.500 
26.815 0.000 10.500 
26.871 0.000 10.500 
26.926 0.000 10.500 
26.979 0.000 10.500 
27.035 0.000 10.500 
27.091 0.000 10.500 
27.138 0.000 10.500 
27.193 0.000 10.500 
27.247 0.000 10.500 
27.303 0.000 10.500 
27.359 0.000 10.500 
27.415 0.000 10.500 
27.468 0.000 10.500 
27.524 0.000 10.500 
27.577 0.000 10.500 
27.634 0.000 10.500 
27.690 0.000 10.500 
27.749 0.000 10.500 
27.810 0.000 10.500 
27.866 0.000 10.500 
27.923 0.000 10.500 
27.981 0.000 10.500 
28.038 0.000 10.500 
28.097 0.000 10.500 
28.151 0.000 10.500 
28.207 0.000 10.500 
28.265 0.000 10.500 
28.339 0.000 10.500 
28.393 0.000 10.500 
28.449 0.000 10.500 
28.504 0.000 10.500 
28.559 0.000 10.500 
28.616 0.000 10.500 
28.669 0.000 10.500 
28.725 0.000 10.500 
28.784 0.000 10.500 
28.857 0.000 10.500 
28.912 0.000 10.500 
28.966 0.000 10.500 
29.021 0.000 10.500 
29.075 0.000 10.500 
29.133 0.000 10.500 
29.187 0.000 10.500 
29.243 0.000 10.500 
29.300 0.000 10.500 
29.356 0.000 10.500 
29.408 0.000 10.500 
29.463 0.000 10.500 
29.520 0.000 10.500 
29.575 0.000 10.500 
29.630 0.000 10.500 
29.683 0.000 10.500 
29.739 0.000 10.500 
29.793 0.000 10.500 
29.850 0.000 10.500 
29.910 0.000 10.500 
29.966 0.000 10.500 
30.026 0.000 10.500 
30.080 0.000 10.500 
30.134 0.000 10.500 
30.188 0.000 10.500 
30.245 0.000 10.500 
30.299 0.000 10.500 
30.376 0.000 10.500 
30.435 0.000 10.500 
30.491 0.000 10.500 
30.545 0.000 10.500 
30.600 0.000 10.500 
30.655 0.000 10.500 
30.730 0.000 10.500 
30.785 0.000 10.500 
30.839 0.000 10.500 
30.893 0.000 10.500 
30.947 0.000 10.500 
31.006 0.000 10.500 
31.060 0.000 10.500 
31.118 0.000 10.500 
31.172 0.000 10.500 
31.228 0.000 10.500 
31.284 0.000 10.500 
31.341 0.000 10.500 
31.396 0.000 10.500 
31.452 0.000 10.500 
31.507 0.000 10.500 
31.563 0.000 10.500 
31.619 0.000 10.500 
31.679 0.000 10.500 
31.738 0.000 10.500 
31.799 0.000 10.500 
31.856 0.000 10.500 
31.910 0.000 10.500 
31.967 0.000 10.500 
32.020 0.000 10.500 
32.075 0.000 10.500 
32.127 0.000 10.500 
32.183 0.000 10.500 
32.240 0.000 10.500 
32.297 0.000 10.500 
32.352 0.000 10.500 
32.407 0.000 10.500 
32.465 0.000 10.500 
32.519 0.000 10.500 
32.574 0.000 10.500 
32.633 0.000 10.500 
32.687 0.000 10.500 
32.745 0.000 10.500 
32.802 0.000 10.500 
32.857 0.000 10.500 
32.911 0.000 10.500 
32.972 0.000 10.500 
33.027 0.000 10.500 
33.079 0.000 10.500 
33.137 0.000 10.500 
33.195 0.000 10.500 
33.249 0.000 10.500 
33.324 0.000 10.500 
33.380 0.000 10.500 
33.433 0.000 10.500 
33.485 0.000 10.500 
33.540 0.000 10.500 
33.594 0.000 10.500 
33.652 0.000 10.500 
33.711 0.000 10.500 
33.768 0.000 10.500 
33.843 0.000 10.500 
33.904 0.000 10.500 
33.960 0.000 10.500 
34.013 0.000 10.500 
34.070 0.000 10.500 
34.130 0.000 10.500 
34.188 0.000 10.500 
34.247 0.000 10.500 
34.301 0.000 10.500 
34.356 0.000 10.500 
34.411 0.000 10.500 
34.464 0.000 10.500 
34.518 0.000 10.500 
34.571 0.000 10.500 
34.627 0.000 10.500 
34.683 0.000 10.500 
34.739 0.000 10.500 
34.795 0.000 10.500 
34.848 0.000 10.500 
34.902 0.000 10.500 
34.960 0.000 10.500 
35.015 0.000 10.500 
35.074 0.000 10.500 
35.132 0.000 10.500 
35.186 0.000 10.500 
35.248 0.000 10.500 
35.307 0.000 10.500 
35.367 0.000 10.500 
35.422 0.000 10.500 
35.481 0.000 10.500 
35.537 0.000 10.500 
35.591 0.000 10.500 
35.645 0.000 10.500 
35.700 0.000 10.500 
35.757 0.000 10.500 
35.812 0.000 10.500 
35.868 0.000 10.500 
35.928 0.000 10.500 
35.982 0.000 10.500 
36.038 0.000 10.500 
36.090 0.000 10.500 
36.147 0.000 10.500 
36.201 0.000 10.500 
36.256 0.000 10.500 
36.311 0.000 10.500 
36.367 0.000 10.500 
36.424 0.000 10.500 
36.480 0.000 10.500 
36.534 0.000 10.500 
36.593 0.000 10.500 
36.651 0.000 10.500 
36.708 0.000 10.500 
36.762 0.000 10.500 
36.817 0.000 10.500 
36.871 0.000 10.500 
36.927 0.000 10.500 
36.983 0.000 10.500 
37.040 0.000 10.500 
37.099 0.000 10.500 
37.153 0.000 10.500 
37.208 0.000 10.500 
37.262 0.000 10.500 
37.317 0.000 10.500 
37.372 0.000 10.500 
37.426 0.000 10.500 
37.482 0.000 10.500 
37.537 0.000 10.500 
37.593 0.000 10.500 
37.650 0.000 10.500 
37.705 0.000 10.500 
37.759 0.000 10.500 
37.818 0.000 10.500 
37.872 0.000 10.500 
37.927 0.000 10.500 
37.986 0.000 10.500 
38.062 0.000 10.500 
38.117 0.000 10.500 
38.177 0.000 10.500 
38.233 0.000 10.500 
38.293 0.000 10.500 
38.350 0.000 10.500 
38.404 0.000 10.500 
38.456 0.000 10.500 
38.513 0.000 10.500 
38.567 0.000 10.500 
38.620 0.000 10.500 
38.675 0.000 10.500 
38.728 0.000 10.500 
38.782 0.000 10.500 
38.857 0.000 10.500 
38.910 0.000 10.500 
38.967 0.000 10.500 
39.022 0.000 10.500 
39.077 0.000 10.500 
39.134 0.000 10.500 
39.189 0.000 10.500 
39.244 0.000 10.500 
39.300 0.000 10.500 
39.358 0.000 10.500 
39.416 0.000 10.500 
39.471 0.000 10.500 
39.526 0.000 10.500 
39.581 0.000 10.500 
39.637 0.000 10.500 
39.692 0.000 10.500 
39.746 0.000 10.500 
39.800 0.000 10.500 
39.855 0.000 10.500 
39.911 0.000 10.500 
39.965 0.000 10.500 
40.019 0.000 10.500 
40.074 0.000 10.500 
40.132 0.000 10.500 
40.190 0.000 10.500 
40.247 0.000 10.500 
40.301 0.000 10.500 
40.361 0.000 10.500 
40.437 0.000 10.500 
40.497 0.000 10.500 
40.555 0.000 10.500 
40.611 0.000 10.500 
40.666 0.000 10.500 
40.719 0.000 10.500 
40.781 0.000 10.500 
40.840 0.000 10.500 
40.898 0.000 10.500 
40.952 0.000 10.500 
41.006 0.000 10.500 
41.061 0.000 10.500 
41.116 0.000 10.500 
41.170 0.000 10.500 
41.249 0.000 10.500 
41.308 0.000 10.500 
41.365 0.000 10.500 
41.420 0.000 10.500 
41.481 0.000 10.500 
41.536 0.000 10.500 
41.591 0.000 10.500 
41.645 0.000 10.500 
41.700 0.000 10.500 
41.757 0.000 10.500 
41.813 0.000 10.500 
41.870 0.000 10.500 
41.924 0.000 10.500 
41.979 0.000 10.500 
42.033 0.000 10.500 
42.090 0.000 10.500 
42.145 0.000 10.500 
42.200 0.000 10.500 
42.261 0.000 10.500 
42.316 0.000 10.500 
42.373 0.000 10.500 
42.429 0.000 10.500 
42.482 0.000 10.500 
42.541 0.000 10.500 
42.598 0.000 10.500 
42.656 0.000 10.500 
42.712 0.000 10.500 
42.769 0.000 10.500 
42.824 0.000 10.500 
42.878 0.000 10.500 
42.935 0.000 10.500 
42.990 0.000 10.500 
43.047 0.000 10.500 
43.104 0.000 10.500 
43.164 0.000 10.500 
43.220 0.000 10.500 
43.278 0.000 10.500 
43.334 0.000 10.500 
43.388 0.000 10.500 
43.444 0.000 10.500 
43.504 0.000 10.500 
43.558 0.000 10.500 
43.613 0.000 10.500 
43.688 0.000 10.500 
43.746 0.000 10.500 
43.804 0.000 10.500 
43.859 0.000 10.500 
43.919 0.000 10.500 
43.978 0.000 10.500 
44.033 0.000 10.500 
44.089 0.000 10.500 
44.145 0.000 10.500 
44.201 0.000 10.500 
44.262 0.000 10.500 
44.320 0.000 10.500 
44.374 0.000 10.500 
44.434 0.000 10.500 
44.492 0.000 10.500 
44.546 0.000 10.500 
44.604 0.000 10.500 
44.665 0.000 10.500 
44.719 0.000 10.500 
44.777 0.000 10.500 
44.832 0.000 10.500 
44.892 0.000 10.500 
44.949 0.000 10.500 
45.005 0.000 10.500 
45.059 0.000 10.500 
45.113 0.000 10.500 
45.169 0.000 10.500 
45.210 0.000 10.500 
45.271 0.000 10.500 
45.324 0.000 10.500 
45.380 0.000 10.500 
45.435 0.000 10.500 
45.492 0.000 10.500 
45.547 0.000 10.500 
45.603 0.000 10.500 
45.666 0.000 10.500 
45.722 0.000 10.500 
45.776 0.000 10.500 
45.835 0.000 10.500 
45.890 0.000 10.500 
45.948 0.000 10.500 
45.992 0.000 10.500 
46.053 0.000 10.500 
46.107 0.000 10.500 
46.163 0.000 10.500 
46.221 0.000 10.500 
46.277 0.000 10.500 
46.333 0.000 10.500 
46.388 0.000 10.500 
46.447 0.000 10.500 
46.503 0.000 10.500 
46.557 0.000 10.500 
46.614 0.000 10.500 
46.671 0.000 10.500 
46.736 0.000 10.500 
46.796 0.000 10.500 
46.856 0.000 10.500 
46.904 0.000 10.500 
46.962 0.000 10.500 
47.016 0.000 10.500 
47.092 0.000 10.500 
47.147 0.000 10.500 
47.200 0.000 10.500 
47.258 0.000 10.500 
47.312 0.000 10.500 
47.373 0.000 10.500 
47.434 0.000 10.500 
47.494 0.000 10.500 
47.549 0.000 10.500 
47.604 0.000 10.500 
47.660 0.000 10.500 
47.718 0.000 10.500 
47.774 0.000 10.500 
47.832 0.000 10.500 
47.896 0.000 10.500 
47.954 0.000 10.500 
48.014 0.000 10.500 
48.074 0.000 10.500 
48.132 0.000 10.500 
48.188 0.000 10.500 
48.260 0.000 10.500 
48.316 0.000 10.500 
48.374 0.000 10.500 
48.429 0.000 10.500 
48.491 0.000 10.500 
48.547 0.000 10.500 
48.623 0.000 10.500 
48.677 0.000 10.500 
48.733 0.000 10.500 
48.787 0.000 10.500 
48.844 0.000 10.500 
48.902 0.000 10.500 
48.962 0.000 10.500 
49.018 0.000 10.500 
49.075 0.000 10.500 
49.130 0.000 10.500 
49.190 0.000 10.500 
49.245 0.000 10.500 
49.301 0.000 10.500 
49.361 0.000 10.500 
49.437 0.000 10.500 
49.495 0.000 10.500 
49.552 0.000 10.500 
49.611 0.000 10.500 
49.667 0.000 10.500 
49.724 0.000 10.500 
49.778 0.000 10.500 
49.834 0.000 10.500 
49.893 0.000 10.500 
49.951 0.000 10.500 
50.006 0.000 10.500 
50.061 0.000 10.500 
50.121 0.000 10.500 
50.175 0.000 10.500 
50.250 0.000 10.500 
50.305 0.000 10.500 
50.361 0.000 10.500 
50.417 0.000 10.500 
50.472 0.000 10.500 
50.527 0.000 10.500 
50.582 0.000 10.500 
50.658 0.000 10.500 
50.711 0.000 10.500 
50.768 0.000 10.500 
50.821 0.000 10.500 
50.877 0.000 10.500 
50.934 0.000 10.500 
50.990 0.000 10.500 
51.049 0.000 10.500 
51.108 0.000 10.500 
51.166 0.000 10.500 
51.222 0.000 10.500 
51.279 0.000 10.500 
51.334 0.000 10.500 
51.387 0.000 10.500 
51.442 0.000 10.500 
51.496 0.000 10.500 
51.542 0.000 10.500 
51.602 0.000 10.500 
51.659 0.000 10.500 
51.718 0.000 10.500 
51.780 0.000 10.500 
51.838 0.000 10.500 
51.897 0.000 10.500 
51.954 0.000 10.500 
52.027 0.000 10.500 
52.083 0.000 10.500 
52.136 0.000 10.500 
52.191 0.000 10.500 
52.244 0.000 10.500 
52.301 0.000 10.500 
52.355 0.000 10.500 
52.410 0.000 10.500 
52.467 0.000 10.500 
52.522 0.000 10.500 
52.578 0.000 10.500 
52.639 0.000 10.500 
52.694 0.000 10.500 
52.748 0.000 10.500 
52.804 0.000 10.500 
52.858 0.000 10.500 
52.912 0.000 10.500 
52.967 0.000 10.500 
53.009 0.000 10.500 
53.066 0.000 10.500 
53.123 0.000 10.500 
53.176 0.000 10.500 
53.237 0.000 10.500 
53.298 0.000 10.500 
53.357 0.000 10.500 
53.412 0.000 10.500 
53.479 0.000 10.500 
53.534 0.000 10.500 
53.589 0.000 10.500 
53.642 0.000 10.500 
53.700 0.000 10.500 
53.756 0.000 10.500 
53.808 0.000 10.500 
53.865 0.000 10.500 
53.921 0.000 10.500 
53.982 0.000 10.500 
54.038 0.000 10.500 
54.092 0.000 10.500 
54.145 0.000 10.500 
54.206 0.000 10.500 
54.266 0.000 10.500 
54.324 0.000 10.500 
54.379 0.000 10.500 
54.435 0.000 10.500 
54.491 0.000 10.500 
54.544 0.000 10.500 
54.599 0.000 10.500 
54.653 0.000 10.500 
54.707 0.000 10.500 
54.767 0.000 10.500 
54.828 0.000 10.500 
54.885 0.000 10.500 
54.939 0.000 10.500 
54.997 0.000 10.500 
55.054 0.000 10.500 
55.106 0.000 10.500 
55.164 0.000 10.500 
55.220 0.000 10.500 
55.288 0.000 10.500 
55.346 0.000 10.500 
55.401 0.000 10.500 
55.454 0.000 10.500 
55.508 0.000 10.500 
55.559 0.000 10.500 
55.615 0.000 10.500 
55.668 0.000 10.500 
55.726 0.000 10.500 
55.779 0.000 10.500 
55.834 0.000 10.500 
55.894 0.000 10.500 
55.954 0.000 10.500 
56.012 0.000 10.500 
56.066 0.000 10.500 
56.119 0.000 10.500 
56.172 0.000 10.500 
56.228 0.000 10.500 
56.287 0.000 10.500 
56.342 0.000 10.500 
56.400 0.000 10.500 
56.457 0.000 10.500 
56.510 0.000 10.500 
56.568 0.000 10.500 
56.622 0.000 10.500 
56.676 0.000 10.500 
56.730 0.000 10.500 
56.789 0.000 10.500 
56.847 0.000 10.500 
56.922 0.000 10.500 
56.978 0.000 10.500 
57.035 0.000 10.500 
57.092 0.000 10.500 
57.145 0.000 10.500 
57.202 0.000 10.500 
57.242 0.000 10.500 
57.302 0.000 10.500 
57.358 0.000 10.500 
57.417 0.000 10.500 
57.474 0.000 10.500 
57.529 0.000 10.500 
57.585 0.000 10.500 
57.638 0.000 10.500 
57.693 0.000 10.500 
57.750 0.000 10.500 
57.807 0.000 10.500 
57.862 0.000 10.500 
57.918 0.000 10.500 
57.973 0.000 10.500 
58.030 0.000 10.500 
58.089 0.000 10.500 
58.146 0.000 10.500 
58.198 0.000 10.500 
58.254 0.000 10.500 
58.308 0.000 10.500 
58.364 0.000 10.500 
58.420 0.000 10.500 
58.474 0.000 10.500 
58.530 0.000 10.500 
58.586 0.000 10.500 
58.640 0.000 10.500 
58.698 0.000 10.500 
58.754 0.000 10.500 
58.807 0.000 10.500 
58.861 0.000 10.500 
58.917 0.000 10.500 
58.975 0.000 10.500 
59.027 0.000 10.500 
59.083 0.000 10.500 
59.139 0.000 10.500 
59.197 0.000 10.500 
59.257 0.000 10.500 
59.312 0.000 10.500 
59.371 0.000 10.500 
59.428 0.000 10.500 
59.484 0.000 10.500 
59.539 0.000 10.500 
59.593 0.000 10.500 
59.654 0.000 10.500 
59.698 0.000 10.500 
59.756 0.000 10.500 
59.811 0.000 10.500 
59.865 0.000 10.500 
59.921 0.000 10.500 
59.992 0.000 10.500 
60.048 0.000 10.500 
60.113 0.000 10.500 
60.173 0.000 10.500 
60.231 0.000 10.500 
60.289 0.000 10.500 
60.344 0.000 10.500 
60.397 0.000 10.500 
60.453 0.000 10.500 
60.527 0.000 10.500 
60.583 0.000 10.500 
60.638 0.000 10.500 
60.694 0.000 10.500 
60.749 0.000 10.500 
60.792 0.000 10.500 
60.850 0.000 10.500 
60.907 0.000 10.500 
60.964 0.000 10.500 
61.023 0.000 10.500 
61.078 0.000 10.500 
61.135 0.000 10.500 
61.193 0.000 10.500 
61.250 0.000 10.500 
61.308 0.000 10.500 
61.364 0.000 10.500 
61.423 0.000 10.500 
61.483 0.000 10.500 
61.540 0.000 10.500 
61.594 0.000 10.500 
61.653 0.000 10.500 
61.708 0.000 10.500 
61.766 0.000 10.500 
61.823 0.000 10.500 
61.881 0.000 10.500 
61.941 0.000 10.500 
61.997 0.000 10.500 
62.052 0.000 10.500 
62.107 0.000 10.500 
62.159 0.000 10.500 
62.215 0.000 10.500 
62.270 0.000 10.500 
62.325 0.000 10.500 
62.381 0.000 10.500 
62.435 0.000 10.500 
62.489 0.000 10.500 
62.544 0.000 10.500 
62.602 0.000 10.500 
62.660 0.000 10.500 
62.718 0.000 10.500 
62.790 0.000 10.500 
62.847 0.000 10.500 
62.922 0.000 10.500 
62.981 0.000 10.500 
63.035 0.000 10.500 
63.091 0.000 10.500 
63.147 0.000 10.500 
63.205 0.000 10.500 
63.270 0.000 10.500 
63.324 0.000 10.500 
63.380 0.000 10.500 
63.435 0.000 10.500 
63.489 0.000 10.500 
63.547 0.000 10.500 
63.603 0.000 10.500 
63.662 0.000 10.500 
63.718 0.000 10.500 
63.776 0.000 10.500 
63.834 0.000 10.500 
63.889 0.000 10.500 
63.933 0.000 10.500 
63.989 0.000 10.500 
64.043 0.000 10.500 
64.096 0.000 10.500 
64.152 0.000 10.500 
64.205 0.000 10.500 
64.264 0.000 10.500 
64.318 0.000 10.500 
64.378 0.000 10.500 
64.435 0.000 10.500 
64.488 0.000 10.500 
64.543 0.000 10.500 
64.600 0.000 10.500 
64.654 0.000 10.500 
64.709 0.000 10.500 
64.763 0.000 10.500 
64.818 0.000 10.500 
64.875 0.000 10.500 
64.932 0.000 10.500 
64.990 0.000 10.500 
65.045 0.000 10.500 
65.099 0.000 10.500 
65.152 0.000 10.500 
65.206 0.000 10.500 
65.262 0.000 10.500 
65.319 0.000 10.500 
65.375 0.000 10.500 
65.449 0.000 10.500 
65.501 0.000 10.500 
65.556 0.000 10.500 
65.615 0.000 10.500 
65.668 0.000 10.500 
65.726 0.000 10.500 
65.781 0.000 10.500 
65.857 0.000 10.500 
65.915 0.000 10.500 
65.970 0.000 10.500 
66.027 0.000 10.500 
66.082 0.000 10.500 
66.141 0.000 10.500 
66.217 0.000 10.500 
66.271 0.000 10.500 
66.327 0.000 10.500 
66.387 0.000 10.500 
66.444 0.000 10.500 
66.500 0.000 10.500 
66.558 0.000 10.500 
66.614 0.000 10.500 
66.669 0.000 10.500 
66.725 0.000 10.500 
66.783 0.000 10.500 
66.843 0.000 10.500 
66.901 0.000 10.500 
66.956 0.000 10.500 
67.031 0.000 10.500 
67.091 0.000 10.500 
67.136 0.000 10.500 
67.192 0.000 10.500 
67.244 0.000 10.500 
67.301 0.000 10.500 
67.354 0.000 10.500 
67.412 0.000 10.500 
67.466 0.000 10.500 
67.521 0.000 10.500 
67.577 0.000 10.500 
67.636 0.000 10.500 
67.691 0.000 10.500 
67.747 0.000 10.500 
67.801 0.000 10.500 
67.856 0.000 10.500 
67.910 0.000 10.500 
67.968 0.000 10.500 
68.042 0.000 10.500 
68.098 0.000 10.500 
68.153 0.000 10.500 
68.208 0.000 10.500 
68.263 0.000 10.500 
68.317 0.000 10.500 
68.373 0.000 10.500 
68.447 0.000 10.500 
68.502 0.000 10.500 
68.556 0.000 10.500 
68.615 0.000 10.500 
68.671 0.000 10.500 
68.732 0.000 10.500 
68.786 0.000 10.500 
68.860 0.000 10.500 
68.914 0.000 10.500 
68.974 0.000 10.500 
69.030 0.000 10.500 
69.086 0.000 10.500 
69.139 0.000 10.500 
69.201 0.000 10.500 
69.260 0.000 10.500 
69.315 0.000 10.500 
69.367 0.000 10.500 
69.422 0.000 10.500 
69.478 0.000 10.500 
69.539 0.000 10.500 
69.592 0.000 10.500 
69.648 0.000 10.500 
69.705 0.000 10.500 
69.762 0.000 10.500 
69.821 0.000 10.500 
69.877 0.000 10.500 
69.933 0.000 10.500 
69.991 0.000 10.500 
70.045 0.000 10.500 
70.101 0.000 10.500 
70.158 0.000 10.500 
70.213 0.000 10.500 
70.265 0.000 10.500 
70.325 0.000 10.500 
70.378 0.000 10.500 
70.435 0.000 10.500 
70.491 0.000 10.500 
70.549 0.000 10.500 
70.603 0.000 10.500 
70.660 0.000 10.500 
70.715 0.000 10.500 
70.771 0.000 10.500 
70.825 0.000 10.500 
70.879 0.000 10.500 
70.934 0.000 10.500 
70.992 0.000 10.500 
71.046 0.000 10.500 
71.104 0.000 10.500 
71.162 0.000 10.500 
71.222 0.000 10.500 
71.298 0.000 10.500 
71.356 0.000 10.500 
71.415 0.000 10.500 
71.465 0.000 10.500 
71.521 0.000 10.500 
71.577 0.000 10.500 
71.638 0.000 10.500 
71.695 0.000 10.500 
71.748 0.000 10.500 
71.805 0.000 10.500 
71.859 0.000 10.500 
71.918 0.000 10.500 
71.977 0.000 10.500 
72.031 0.000 10.500 
72.105 0.000 10.500 
72.162 0.000 10.500 
72.216 0.000 10.500 
72.271 0.000 10.500 
72.328 0.000 10.500 
72.387 0.000 10.500 
72.444 0.000 10.500 
72.502 0.000 10.500 
72.560 0.000 10.500 
72.616 0.000 10.500 
72.670 0.000 10.500 
72.729 0.000 10.500 
72.786 0.000 10.500 
72.839 0.000 10.500 
72.897 0.000 10.500 
72.951 0.000 10.500 
73.027 0.000 10.500 
73.083 0.000 10.500 
73.138 0.000 10.500 
73.193 0.000 10.500 
73.246 0.000 10.500 
73.300 0.000 10.500 
73.377 0.000 10.500 
73.431 0.000 10.500 
73.487 0.000 10.500 
73.543 0.000 10.500 
73.601 0.000 10.500 
73.655 0.000 10.500 
73.710 0.000 10.500 
73.763 0.000 10.500 
73.821 0.000 10.500 
73.874 0.000 10.500 
73.932 0.000 10.500 
73.985 0.000 10.500 
74.042 0.000 10.500 
74.100 0.000 10.500 
74.155 0.000 10.500 
74.212 0.000 10.500 
74.271 0.000 10.500 
74.328 0.000 10.500 
74.390 0.000 10.500 
74.448 0.000 10.500 
74.504 0.000 10.500 
74.558 0.000 10.500 
74.602 0.000 10.500 
74.662 0.000 10.500 
74.717 0.000 10.500 
74.773 0.000 10.500 
74.825 0.000 10.500 
74.880 0.000 10.500 
74.957 0.000 10.500 
75.009 0.000 10.500 
75.066 0.000 10.500 
75.120 0.000 10.500 
75.176 0.000 10.500 
75.229 0.000 10.500 
75.285 0.000 10.500 
75.359 0.000 10.500 
75.418 0.000 10.500 
75.474 0.000 10.500 
75.531 0.000 10.500 
75.584 0.000 10.500 
75.639 0.000 10.500 
75.694 0.000 10.500 
75.749 0.000 10.500 
75.808 0.000 10.500 
75.867 0.000 10.500 
75.920 0.000 10.500 
75.973 0.000 10.500 
76.027 0.000 10.500 
76.082 0.000 10.500 
76.137 0.000 10.500 
76.194 0.000 10.500 
76.245 0.000 10.500 
76.297 0.000 10.500 
76.357 0.000 10.500 
76.415 0.000 10.500 
76.471 0.000 10.500 
76.527 0.000 10.500 
76.582 0.000 10.500 
76.634 0.000 10.500 
76.686 0.000 10.500 
76.745 0.000 10.500 
76.800 0.000 10.500 
76.866 0.000 10.500 
76.922 0.000 10.500 
76.979 0.000 10.500 
77.033 0.000 10.500 
77.090 0.000 10.500 
77.146 0.000 10.500 
77.200 0.000 10.500 
77.255 0.000 10.500 
77.309 0.000 10.500 
77.365 0.000 10.500 
77.421 0.000 10.500 
77.478 0.000 10.500 
77.530 0.000 10.500 
77.590 0.000 10.500 
77.646 0.000 10.500 
77.702 0.000 10.500 
77.760 0.000 10.500 
77.816 0.000 10.500 
77.873 0.000 10.500 
77.935 0.000 10.500 
78.009 0.000 10.500 
78.063 0.000 10.500 
78.120 0.000 10.500 
78.177 0.000 10.500 
78.232 0.000 10.500 
78.306 0.000 10.500 
78.360 0.000 10.500 
78.414 0.000 10.500 
78.470 0.000 10.500 
78.529 0.000 10.500 
78.586 0.000 10.500 
78.639 0.000 10.500 
78.694 0.000 10.500 
78.751 0.000 10.500 
78.809 0.000 10.500 
78.865 0.000 10.500 
78.920 0.000 10.500 
78.974 0.000 10.500 
79.031 0.000 10.500 
79.108 0.000 10.500 
79.169 0.000 10.500 
79.211 0.000 10.500 
79.271 0.000 10.500 
79.327 0.000 10.500 
79.383 0.000 10.500 
79.435 0.000 10.500 
79.491 0.000 10.500 
79.547 0.000 10.500 
79.603 0.000 10.500 
79.665 0.000 10.500 
79.717 0.000 10.500 
79.776 0.000 10.500 
79.833 0.000 10.500 
79.891 0.000 10.500 
79.948 0.000 10.500 
80.005 0.000 10.500 
80.063 0.000 10.500 
80.120 0.000 10.500 
80.174 0.000 10.500 
80.230 0.000 10.500 
80.287 0.000 10.500 
80.341 0.000 10.500 
80.396 0.000 10.500 
80.451 0.000 10.500 
80.506 0.000 10.500 
80.561 0.000 10.500 
80.616 0.000 10.500 
80.674 0.000 10.500 
80.731 0.000 10.500 
80.785 0.000 10.500 
80.840 0.000 10.500 
80.897 0.000 10.500 
80.951 0.000 10.500 
81.007 0.000 10.500 
81.064 0.000 10.500 
81.121 0.000 10.500 
81.175 0.000 10.500 
81.230 0.000 10.500 
81.285 0.000 10.500 
81.339 0.000 10.500 
81.393 0.000 10.500 
81.446 0.000 10.500 
81.498 0.000 10.500 
81.550 0.000 10.500 
81.608 0.000 10.500 
81.665 0.000 10.500 
81.720 0.000 10.500 
81.775 0.000 10.500 
81.833 0.000 10.500 
81.887 0.000 10.500 
81.944 0.000 10.500 
81.999 0.000 10.500 
82.056 0.000 10.500 
82.116 0.000 10.500 
82.170 0.000 10.500 
82.228 0.000 10.500 
82.282 0.000 10.500 
82.359 0.000 10.500 
82.416 0.000 10.500 
82.470 0.000 10.500 
82.525 0.000 10.500 
82.584 0.000 10.500 
82.637 0.000 10.500 
82.697 0.000 10.500 
82.752 0.000 10.500 
82.807 0.000 10.500 
82.866 0.000 10.500 
82.924 0.000 10.500 
82.978 0.000 10.500 
83.034 0.000 10.500 
83.089 0.000 10.500 
83.146 0.000 10.500 
83.202 0.000 10.500 
83.256 0.000 10.500 
83.312 0.000 10.500 
83.370 0.000 10.500 
83.428 0.000 10.500 
83.480 0.000 10.500 
83.537 0.000 10.500 
83.591 0.000 10.500 
83.646 0.000 10.500 
83.699 0.000 10.500 
83.757 0.000 10.500 
83.811 0.000 10.500 
83.883 0.000 10.500 
83.938 0.000 10.500 
83.994 0.000 10.500 
84.050 0.000 10.500 
84.103 0.000 10.500 
84.160 0.000 10.500 
84.215 0.000 10.500 
84.270 0.000 10.500 
84.332 0.000 10.500 
84.388 0.000 10.500 
84.444 0.000 10.500 
84.499 0.000 10.500 
84.557 0.000 10.500 
84.613 0.000 10.500 
84.669 0.000 10.500 
84.723 0.000 10.500 
84.778 0.000 10.500 
84.833 0.000 10.500 
84.892 0.000 10.500 
84.950 0.000 10.500 
85.007 0.000 10.500 
85.062 0.000 10.500 
85.136 0.000 10.500 
85.191 0.000 10.500 
85.244 0.000 10.500 
85.304 0.000 10.500 
85.358 0.000 10.500 
85.415 0.000 10.500 
85.473 0.000 10.500 
85.528 0.000 10.500 
85.583 0.000 10.500 
85.635 0.000 10.500 
85.690 0.000 10.500 
85.763 0.000 10.500 
85.819 0.000 10.500 
85.877 0.000 10.500 
85.935 0.000 10.500 
85.990 0.000 10.500 
86.046 0.000 10.500 
86.104 0.000 10.500 
86.159 0.000 10.500 
86.217 0.000 10.500 
86.291 0.000 10.500 
86.346 0.000 10.500 
86.421 0.000 10.500 
86.478 0.000 10.500 
86.535 0.000 10.500 
86.591 0.000 10.500 
86.647 0.000 10.500 
86.700 0.000 10.500 
86.755 0.000 10.500 
86.811 0.000 10.500 
86.864 0.000 10.500 
86.919 0.000 10.500 
86.975 0.000 10.500 
87.030 0.000 10.500 
87.092 0.000 10.500 
87.149 0.000 10.500 
87.205 0.000 10.500 
87.260 0.000 10.500 
87.313 0.000 10.500 
87.390 0.000 10.500 
87.448 0.000 10.500 
87.508 0.000 10.500 
87.562 0.000 10.500 
87.618 0.000 10.500 
87.675 0.000 10.500 
87.735 0.000 10.500 
87.793 0.000 10.500 
87.852 0.000 10.500 
87.909 0.000 10.500 
87.965 0.000 10.500 
88.017 0.000 10.500 
88.075 0.000 10.500 
88.133 0.000 10.500 
88.189 0.000 10.500 
88.264 0.000 10.500 
88.319 0.000 10.500 
88.373 0.000 10.500 
88.426 0.000 10.500 
88.480 0.000 10.500 
88.533 0.000 10.500 
88.589 0.000 10.500 
88.644 0.000 10.500 
88.701 0.000 10.500 
88.755 0.000 10.500 
88.812 0.000 10.500 
88.868 0.000 10.500 
88.923 0.000 10.500 
88.980 0.000 10.500 
89.035 0.000 10.500 
89.093 0.000 10.500 
89.169 0.000 10.500 
89.224 0.000 10.500 
89.278 0.000 10.500 
89.333 0.000 10.500 
89.388 0.000 10.500 
89.441 0.000 10.500 
89.495 0.000 10.500 
89.551 0.000 10.500 
89.607 0.000 10.500 
89.668 0.000 10.500 
89.726 0.000 10.500 
89.781 0.000 10.500 
89.841 0.000 10.500 
89.900 0.000 10.500 
89.955 0.000 10.500 
90.031 0.000 10.500 
90.090 0.000 10.500 
90.146 0.000 10.500 
90.201 0.000 10.500 
90.243 0.000 10.500 
90.303 0.000 10.500 
90.356 0.000 10.500 
90.413 0.000 10.500 
90.467 0.000 10.500 
90.522 0.000 10.500 
90.579 0.000 10.500 
90.637 0.000 10.500 
90.692 0.000 10.500 
90.749 0.000 10.500 
90.808 0.000 10.500 
90.864 0.000 10.500 
90.918 0.000 10.500 
90.973 0.000 10.500 
91.029 0.000 10.500 
91.085 0.000 10.500 
91.141 0.000 10.500 
91.197 0.000 10.500 
91.254 0.000 10.500 
91.311 0.000 10.500 
91.364 0.000 10.500 
91.420 0.000 10.500 
91.472 0.000 10.500 
91.529 0.000 10.500 
91.585 0.000 10.500 
91.638 0.000 10.500 
91.700 0.000 10.500 
91.756 0.000 10.500 
91.815 0.000 10.500 
91.869 0.000 10.500 
91.922 0.000 10.500 
91.982 0.000 10.500 
92.037 0.000 10.500 
92.094 0.000 10.500 
92.169 0.000 10.500 
92.221 0.000 10.500 
92.275 0.000 10.500 
92.329 0.000 10.500 
92.385 0.000 10.500 
92.438 0.000 10.500 
92.495 0.000 10.500 
92.551 0.000 10.500 
92.626 0.000 10.500 
92.682 0.000 10.500 
92.740 0.000 10.500 
92.792 0.000 10.500 
92.850 0.000 10.500 
92.905 0.000 10.500 
92.965 0.000 10.500 
93.029 0.000 10.500 
93.083 0.000 10.500 
93.138 0.000 10.500 
93.193 0.000 10.500 
93.246 0.000 10.500 
93.303 0.000 10.500 
93.356 0.000 10.500 
93.412 0.000 10.500 
93.485 0.000 10.500 
93.543 0.000 10.500 
93.596 0.000 10.500 
93.653 0.000 10.500 
93.706 0.000 10.500 
93.762 0.000 10.500 
93.817 0.000 10.500 
93.880 0.000 10.500 
93.937 0.000 10.500 
93.996 0.000 10.500 
94.055 0.000 10.500 
94.111 0.000 10.500 
94.165 0.000 10.500 
94.220 0.000 10.500 
94.297 0.000 10.500 
94.356 0.000 10.500 
94.415 0.000 10.500 
94.468 0.000 10.500 
94.527 0.000 10.500 
94.580 0.000 10.500 
94.641 0.000 10.500 
94.697 0.000 10.500 
94.753 0.000 10.500 
94.807 0.000 10.500 
94.864 0.000 10.500 
94.920 0.000 10.500 
94.974 0.000 10.500 
95.031 0.000 10.500 
95.085 0.000 10.500 
95.141 0.000 10.500 
95.202 0.000 10.500 
95.258 0.000 10.500 
95.315 0.000 10.500 
95.371 0.000 10.500 
95.429 0.000 10.500 
95.483 0.000 10.500 
95.538 0.000 10.500 
95.593 0.000 10.500 
95.653 0.000 10.500 
95.706 0.000 10.500 
95.765 0.000 10.500 
95.819 0.000 10.500 
95.877 0.000 10.500 
95.933 0.000 10.500 
95.991 0.000 10.500 
96.045 0.000 10.500 
96.102 0.000 10.500 
96.160 0.000 10.500 
96.217 0.000 10.500 
96.274 0.000 10.500 
96.331 0.000 10.500 
96.387 0.000 10.500 
96.444 0.000 10.500 
96.497 0.000 10.500 
96.554 0.000 10.500 
96.607 0.000 10.500 
96.664 0.000 10.500 
96.718 0.000 10.500 
96.773 0.000 10.500 
96.828 0.000 10.500 
96.885 0.000 10.500 
96.940 0.000 10.500 
96.999 0.000 10.500 
97.057 0.000 10.500 
97.113 0.000 10.500 
97.167 0.000 10.500 
97.222 0.000 10.500 
97.295 0.000 10.500 
97.357 0.000 10.500 
97.413 0.000 10.500 
97.471 0.000 10.500 
97.524 0.000 10.500 
97.581 0.000 10.500 
97.639 0.000 10.500 
97.685 0.000 10.500 
97.743 0.000 10.500 
97.800 0.000 10.500 
97.859 0.000 10.500 
97.918 0.000 10.500 
97.966 0.000 10.500 
98.022 0.000 10.500 
98.079 0.000 10.500 
98.134 0.000 10.500 
98.191 0.000 10.500 
98.246 0.000 10.500 
98.301 0.000 10.500 
98.360 0.000 10.500 
98.415 0.000 10.500 
98.472 0.000 10.500 
98.526 0.000 10.500 
98.579 0.000 10.500 
98.632 0.000 10.500 
98.687 0.000 10.500 
98.743 0.000 10.500 
98.798 0.000 10.500 
98.854 0.000 10.500 
98.912 0.000 10.500 
98.968 0.000 10.500 
99.025 0.000 10.500 
99.082 0.000 10.500 
99.137 0.000 10.500 
99.191 0.000 10.500 
99.249 0.000 10.500 
99.322 0.000 10.500 
99.381 0.000 10.500 
99.434 0.000 10.500 
99.489 0.000 10.500 
99.542 0.000 10.500 
99.597 0.000 10.500 
99.654 0.000 10.500 
99.710 0.000 10.500 
99.768 0.000 10.500 
99.831 0.000 10.500 
99.889 0.000 10.500 
99.934 0.000 10.500 
99.992 0.000 10.500 
100.046 0.000 10.500 
100.104 0.000 10.500 
100.163 0.000 10.500 
100.219 0.000 10.500 
100.291 0.000 10.500 
100.347 0.000 10.500 
100.404 0.000 10.500 
100.465 0.000 10.500 
100.524 0.000 10.500 
100.578 0.000 10.500 
100.655 0.000 10.500 
100.715 0.000 10.500 
100.763 0.000 10.500 
100.804 0.000 10.500 
100.860 0.000 10.500 
100.918 0.000 10.500 
100.975 0.000 10.500 
101.030 0.000 10.500 
101.087 0.000 10.500 
101.145 0.000 10.500 
101.200 0.000 10.500 
101.254 0.000 10.500 
101.308 0.000 10.500 
101.364 0.000 10.500 
101.419 0.000 10.500 
101.476 0.000 10.500 
101.533 0.000 10.500 
101.587 0.000 10.500 
101.642 0.000 10.500 
101.703 0.000 10.500 
101.759 0.000 10.500 
101.818 0.000 10.500 
101.874 0.000 10.500 
101.930 0.000 10.500 
101.990 0.000 10.500 
102.046 0.000 10.500 
102.119 0.000 10.500 
102.175 0.000 10.500 
102.228 0.000 10.500 
102.285 0.000 10.500 
102.342 0.000 10.500 
102.402 0.000 10.500 
102.458 0.000 10.500 
102.516 0.000 10.500 
102.573 0.000 10.500 
102.628 0.000 10.500 
102.684 0.000 10.500 
102.738 0.000 10.500 
102.792 0.000 10.500 
102.848 0.000 10.500 
102.904 0.000 10.500 
102.958 0.000 10.500 
103.015 0.000 10.500 
103.076 0.000 10.500 
103.134 0.000 10.500 
103.186 0.000 10.500 
103.245 0.000 10.500 
103.301 0.000 10.500 
103.356 0.000 10.500 
103.410 0.000 10.500 
103.464 0.000 10.500 
103.519 0.000 10.500 
103.597 0.000 10.500 
103.652 0.000 10.500 
103.706 0.000 10.500 
103.763 0.000 10.500 
103.817 0.000 10.500 
103.872 0.000 10.500 
103.929 0.000 10.500 
103.984 0.000 10.500 
104.057 0.000 10.500 
104.113 0.000 10.500 
104.168 0.000 10.500 
104.224 0.000 10.500 
104.279 0.000 10.500 
104.353 0.000 10.500 
104.409 0.000 10.500 
104.465 0.000 10.500 
104.522 0.000 10.500 
104.578 0.000 10.500 
104.634 0.000 10.500 
104.691 0.000 10.500 
104.748 0.000 10.500 
104.805 0.000 10.500 
104.862 0.000 10.500 
104.915 0.000 10.500 
104.972 0.000 10.500 
105.028 0.000 10.500 
105.083 0.000 10.500 
105.139 0.000 10.500 
105.192 0.000 10.500 
105.249 0.000 10.500 
105.324 0.000 10.500 
105.382 0.000 10.500 
105.438 0.000 10.500 
105.493 0.000 10.500 
105.550 0.000 10.500 
105.611 0.000 10.500 
105.687 0.000 10.500 
105.745 0.000 10.500 
105.801 0.000 10.500 
105.857 0.000 10.500 
105.915 0.000 10.500 
105.974 0.000 10.500 
106.028 0.000 10.500 
106.082 0.000 10.500 
106.139 0.000 10.500 
106.177 0.000 10.500 
106.237 0.000 10.500 
106.293 0.000 10.500 
106.348 0.000 10.500 
106.404 0.000 10.500 
106.462 0.000 10.500 
106.522 0.000 10.500 
106.579 0.000 10.500 
106.637 0.000 10.500 
106.692 0.000 10.500 
106.747 0.000 10.500 
106.802 0.000 10.500 
106.856 0.000 10.500 
106.910 0.000 10.500 
106.964 0.000 10.500 
107.018 0.000 10.500 
107.094 0.000 10.500 
107.154 0.000 10.500 
107.211 0.000 10.500 
107.264 0.000 10.500 
107.320 0.000 10.500 
107.381 0.000 10.500 
107.440 0.000 10.500 
107.498 0.000 10.500 
107.557 0.000 10.500 
107.614 0.000 10.500 
107.670 0.000 10.500 
107.723 0.000 10.500 
107.779 0.000 10.500 
107.834 0.000 10.500 
107.889 0.000 10.500 
107.945 0.000 10.500 
107.998 0.000 10.500 
108.054 0.000 10.500 
108.112 0.000 10.500 
108.168 0.000 10.500 
108.222 0.000 10.500 
108.277 0.000 10.500 
108.333 0.000 10.500 
108.387 0.000 10.500 
108.445 0.000 10.500 
108.498 0.000 10.500 
108.554 0.000 10.500 
108.608 0.000 10.500 
108.670 0.000 10.500 
108.727 0.000 10.500 
108.784 0.000 10.500 
108.838 0.000 10.500 
108.896 0.000 10.500 
108.952 0.000 10.500 
109.007 0.000 10.500 
109.065 0.000 10.500 
109.139 0.000 10.500 
109.195 0.000 10.500 
109.247 0.000 10.500 
109.304 0.000 10.500 
109.357 0.000 10.500 
109.411 0.000 10.500 
109.469 0.000 10.500 
109.524 0.000 10.500 
109.582 0.000 10.500 
109.637 0.000 10.500 
109.692 0.000 10.500 
109.748 0.000 10.500 
109.807 0.000 10.500 
109.865 0.000 10.500 
109.919 0.000 10.500 
109.974 0.000 10.500 
110.032 0.000 10.500 
110.107 0.000 10.500 
110.161 0.000 10.500 
110.216 0.000 10.500 
110.271 0.000 10.500 
110.327 0.000 10.500 
110.401 0.000 10.500 
110.458 0.000 10.500 
110.512 0.000 10.500 
110.567 0.000 10.500 
110.625 0.000 10.500 
110.683 0.000 10.500 
110.740 0.000 10.500 
110.797 0.000 10.500 
110.855 0.000 10.500 
110.911 0.000 10.500 
110.967 0.000 10.500 
111.022 0.000 10.500 
111.080 0.000 10.500 
111.135 0.000 10.500 
111.191 0.000 10.500 
111.246 0.000 10.500 
111.301 0.000 10.500 
111.363 0.000 10.500 
111.420 0.000 10.500 
111.476 0.000 10.500 
111.531 0.000 10.500 
111.591 0.000 10.500 
111.646 0.000 10.500 
111.701 0.000 10.500 
111.774 0.000 10.500 
111.827 0.000 10.500 
111.879 0.000 10.500 
111.936 0.000 10.500 
111.988 0.000 10.500 
112.044 0.000 10.500 
112.099 0.000 10.500 
112.155 0.000 10.500 
112.230 0.000 10.500 
112.283 0.000 10.500 
112.338 0.000 10.500 
112.393 0.000 10.500 
112.447 0.000 10.500 
112.501 0.000 10.500 
112.558 0.000 10.500 
112.615 0.000 10.500 
112.672 0.000 10.500 
112.734 0.000 10.500 
112.793 0.000 10.500 
112.851 0.000 10.500 
112.909 0.000 10.500 
112.967 0.000 10.500 
113.021 0.000 10.500 
113.074 0.000 10.500 
113.129 0.000 10.500 
113.186 0.000 10.500 
113.245 0.000 10.500 
113.303 0.000 10.500 
113.359 0.000 10.500 
113.419 0.000 10.500 
113.476 0.000 10.500 
113.530 0.000 10.500 
113.611 0.000 10.500 
113.669 0.000 10.500 
113.725 0.000 10.500 
113.778 0.000 10.500 
113.829 0.000 10.500 
113.884 0.000 10.500 
113.937 0.000 10.500 
114.013 0.000 10.500 
114.070 0.000 10.500 
114.126 0.000 10.500 
114.183 0.000 10.500 
114.238 0.000 10.500 
114.293 0.000 10.500 
114.348 0.000 10.500 
114.406 0.000 10.500 
114.465 0.000 10.500 
114.521 0.000 10.500 
114.575 0.000 10.500 
114.627 0.000 10.500 
114.683 0.000 10.500 
114.739 0.000 10.500 
114.795 0.000 10.500 
114.847 0.000 10.500 
114.902 0.000 10.500 
114.961 0.000 10.500 
115.017 0.000 10.500 
115.078 0.000 10.500 
115.137 0.000 10.500 
115.194 0.000 10.500 
115.251 0.000 10.500 
115.308 0.000 10.500 
115.366 0.000 10.500 
115.427 0.000 10.500 
115.486 0.000 10.500 
115.544 0.000 10.500 
115.598 0.000 10.500 
115.656 0.000 10.500 
115.715 0.000 10.500 
115.773 0.000 10.500 
115.845 0.000 10.500 
115.900 0.000 10.500 
115.954 0.000 10.500 
116.009 0.000 10.500 
116.064 0.000 10.500 
116.118 0.000 10.500 
116.175 0.000 10.500 
116.230 0.000 10.500 
116.283 0.000 10.500 
116.345 0.000 10.500 
116.403 0.000 10.500 
116.458 0.000 10.500 
116.513 0.000 10.500 
116.567 0.000 10.500 
116.622 0.000 10.500 
116.677 0.000 10.500 
116.734 0.000 10.500 
116.809 0.000 10.500 
116.865 0.000 10.500 
116.921 0.000 10.500 
116.978 0.000 10.500 
117.038 0.000 10.500 
117.094 0.000 10.500 
117.156 0.000 10.500 
117.214 0.000 10.500 
117.269 0.000 10.500 
117.324 0.000 10.500 
117.382 0.000 10.500 
117.437 0.000 10.500 
117.494 0.000 10.500 
117.552 0.000 10.500 
117.611 0.000 10.500 
117.666 0.000 10.500 
117.723 0.000 10.500 
117.779 0.000 10.500 
117.835 0.000 10.500 
117.890 0.000 10.500 
117.945 0.000 10.500 
118.003 0.000 10.500 
118.078 0.000 10.500 
118.133 0.000 10.500 
118.191 0.000 10.500 
118.245 0.000 10.500 
118.301 0.000 10.500 
118.356 0.000 10.500 
118.411 0.000 10.500 
118.484 0.000 10.500 
118.540 0.000 10.500 
118.595 0.000 10.500 
118.653 0.000 10.500 
118.707 0.000 10.500 
118.763 0.000 10.500 
118.819 0.000 10.500 
118.879 0.000 10.500 
118.941 0.000 10.500 
118.998 0.000 10.500 
119.051 0.000 10.500 
119.108 0.000 10.500 
119.164 0.000 10.500 
119.222 0.000 10.500 
119.276 0.000 10.500 
119.331 0.000 10.500 
119.388 0.000 10.500 
119.445 0.000 10.500 
119.496 0.000 10.500 
119.550 0.000 10.500 
119.606 0.000 10.500 
119.659 0.000 10.500 
119.717 0.000 10.500 
119.777 0.000 10.500 
119.833 0.000 10.500 
119.890 0.000 10.500 
119.968 0.000 10.500 
120.027 0.000 10.500 
120.085 0.000 10.500 
120.143 0.000 10.500 
120.201 0.000 10.500 
120.261 0.000 10.500 
120.312 0.000 10.500 
120.373 0.000 10.500 
120.431 0.000 10.500 
120.483 0.000 10.500 
120.543 0.000 10.500 
120.598 0.000 10.500 
120.657 0.000 10.500 
120.717 0.000 10.500 
120.771 0.000 10.500 
120.825 0.000 10.500 
120.879 0.000 10.500 
120.934 0.000 10.500 
120.987 0.000 10.500 
121.042 0.000 10.500 
121.099 0.000 10.500 
121.157 0.000 10.500 
121.215 0.000 10.500 
121.270 0.000 10.500 
121.323 0.000 10.500 
121.378 0.000 10.500 
121.435 0.000 10.500 
121.488 0.000 10.500 
121.544 0.000 10.500 
121.599 0.000 10.500 
121.652 0.000 10.500 
121.705 0.000 10.500 
121.761 0.000 10.500 
121.815 0.000 10.500 
121.873 0.000 10.500 
121.933 0.000 10.500 
121.989 0.000 10.500 
122.043 0.000 10.500 
122.096 0.000 10.500 
122.152 0.000 10.500 
122.207 0.000 10.500 
122.258 0.000 10.500 
122.314 0.000 10.500 
122.368 0.000 10.500 
122.426 0.000 10.500 
122.485 0.000 10.500 
122.543 0.000 10.500 
122.596 0.000 10.500 
122.667 0.000 10.500 
122.723 0.000 10.500 
122.779 0.000 10.500 
122.835 0.000 10.500 
122.887 0.000 10.500 
122.943 0.000 10.500 
122.996 0.000 10.500 
123.052 0.000 10.500 
123.107 0.000 10.500 
123.162 0.000 10.500 
123.216 0.000 10.500 
123.268 0.000 10.500 
123.323 0.000 10.500 
123.382 0.000 10.500 
123.435 0.000 10.500 
123.490 0.000 10.500 
123.547 0.000 10.500 
123.602 0.000 10.500 
123.663 0.000 10.500 
123.717 0.000 10.500 
123.773 0.000 10.500 
123.827 0.000 10.500 
123.884 0.000 10.500 
123.941 0.000 10.500 
124.000 0.000 10.500 
124.056 0.000 10.500 
124.112 0.000 10.500 
124.165 0.000 10.500 
124.223 0.000 10.500 
124.279 0.000 10.500 
124.353 0.000 10.500 
124.408 0.000 10.500 
124.463 0.000 10.500 
124.521 0.000 10.500 
124.576 0.000 10.500 
124.632 0.000 10.500 
124.685 0.000 10.500 
124.742 0.000 10.500 
124.798 0.000 10.500 
124.853 0.000 10.500 
124.909 0.000 10.500 
124.967 0.000 10.500 
125.024 0.000 10.500 
125.079 0.000 10.500 
125.137 0.000 10.500 
125.191 0.000 10.500 
125.244 0.000 10.500 
125.298 0.000 10.500 
125.353 0.000 10.500 
125.406 0.000 10.500 
125.461 0.000 10.500 
125.516 0.000 10.500 
125.576 0.000 10.500 
125.633 0.000 10.500 
125.687 0.000 10.500 
125.745 0.000 10.500 
125.801 0.000 10.500 
125.854 0.000 10.500 
125.910 0.000 10.500 
125.965 0.000 10.500 
126.022 0.000 10.500 
126.077 0.000 10.500 
126.154 0.000 10.500 
126.208 0.000 10.500 
126.263 0.000 10.500 
126.317 0.000 10.500 
126.370 0.000 10.500 
126.426 0.000 10.500 
126.483 0.000 10.500 
126.538 0.000 10.500 
126.594 0.000 10.500 
126.651 0.000 10.500 
126.708 0.000 10.500 
126.764 0.000 10.500 
126.819 0.000 10.500 
126.875 0.000 10.500 
126.935 0.000 10.500 
126.991 0.000 10.500 
127.046 0.000 10.500 
127.105 0.000 10.500 
127.160 0.000 10.500 
127.219 0.000 10.500 
127.279 0.000 10.500 
127.335 0.000 10.500 
127.389 0.000 10.500 
127.466 0.000 10.500 
127.521 0.000 10.500 
127.576 0.000 10.500 
127.632 0.000 10.500 
127.687 0.000 10.500 
127.743 0.000 10.500 
127.799 0.000 10.500 
127.862 0.000 10.500 
127.919 0.000 10.500 
127.975 0.000 10.500 
128.029 0.000 10.500 
128.088 0.000 10.500 
128.145 0.000 10.500 
128.200 0.000 10.500 
128.255 0.000 10.500 
128.312 0.000 10.500 
128.387 0.000 10.500 
128.443 0.000 10.500 
128.499 0.000 10.500 
128.561 0.000 10.500 
128.602 0.000 10.500 
128.661 0.000 10.500 
128.716 0.000 10.500 
128.768 0.000 10.500 
128.830 0.000 10.500 
128.885 0.000 10.500 
128.939 0.000 10.500 
128.994 0.000 10.500 
129.052 0.000 10.500 
129.105 0.000 10.500 
129.161 0.000 10.500 
129.215 0.000 10.500 
129.271 0.000 10.500 
129.324 0.000 10.500 
129.381 0.000 10.500 
129.433 0.000 10.500 
129.489 0.000 10.500 
129.545 0.000 10.500 
129.599 0.000 10.500 
129.655 0.000 10.500 
129.711 0.000 10.500 
129.765 0.000 10.500 
129.824 0.000 10.500 
129.879 0.000 10.500 
129.933 0.000 10.500 
129.986 0.000 10.500 
130.046 0.000 10.500 
130.105 0.000 10.500 
130.161 0.000 10.500 
130.217 0.000 10.500 
130.281 0.000 10.500 
130.342 0.000 10.500 
130.398 0.000 10.500 
130.453 0.000 10.500 
130.511 0.000 10.500 
130.568 0.000 10.500 
130.624 0.000 10.500 
130.684 0.000 10.500 
130.740 0.000 10.500 
130.795 0.000 10.500 
130.850 0.000 10.500 
130.908 0.000 10.500 
130.966 0.000 10.500 
131.020 0.000 10.500 
131.076 0.000 10.500 
131.134 0.000 10.500 
131.191 0.000 10.500 
131.247 0.000 10.500 
131.300 0.000 10.500 
131.354 0.000 10.500 
131.408 0.000 10.500 
131.466 0.000 10.500 
131.523 0.000 10.500 
131.576 0.000 10.500 
131.631 0.000 10.500 
131.688 0.000 10.500 
131.746 0.000 10.500 
131.805 0.000 10.500 
131.858 0.000 10.500 
131.933 0.000 10.500 
131.988 0.000 10.500 
132.050 0.000 10.500 
132.104 0.000 10.500 
132.157 0.000 10.500 
132.214 0.000 10.500 
132.270 0.000 10.500 
132.330 0.000 10.500 
132.388 0.000 10.500 
132.446 0.000 10.500 
132.501 0.000 10.500 
132.558 0.000 10.500 
132.611 0.000 10.500 
132.667 0.000 10.500 
132.723 0.000 10.500 
132.780 0.000 10.500 
132.856 0.000 10.500 
132.913 0.000 10.500 
132.967 0.000 10.500 
133.028 0.000 10.500 
133.084 0.000 10.500 
133.143 0.000 10.500 
133.199 0.000 10.500 
133.256 0.000 10.500 
133.308 0.000 10.500 
133.361 0.000 10.500 
133.417 0.000 10.500 
133.474 0.000 10.500 
133.529 0.000 10.500 
133.584 0.000 10.500 
133.643 0.000 10.500 
133.701 0.000 10.500 
133.757 0.000 10.500 
133.813 0.000 10.500 
133.872 0.000 10.500 
133.928 0.000 10.500 
133.985 0.000 10.500 
134.059 0.000 10.500 
134.117 0.000 10.500 
134.170 0.000 10.500 
134.225 0.000 10.500 
134.276 0.000 10.500 
134.331 0.000 10.500 
134.392 0.000 10.500 
134.468 0.000 10.500 
134.527 0.000 10.500 
134.582 0.000 10.500 
134.637 0.000 10.500 
134.691 0.000 10.500 
134.744 0.000 10.500 
134.798 0.000 10.500 
134.873 0.000 10.500 
134.928 0.000 10.500 
134.981 0.000 10.500 
135.038 0.000 10.500 
135.092 0.000 10.500 
135.148 0.000 10.500 
135.204 0.000 10.500 
135.278 0.000 10.500 
135.331 0.000 10.500 
135.386 0.000 10.500 
135.442 0.000 10.500 
135.499 0.000 10.500 
135.556 0.000 10.500 
135.612 0.000 10.500 
135.686 0.000 10.500 
135.729 0.000 10.500 
135.788 0.000 10.500 
135.841 0.000 10.500 
135.894 0.000 10.500 
135.947 0.000 10.500 
135.999 0.000 10.500 
136.057 0.000 10.500 
136.112 0.000 10.500 
136.169 0.000 10.500 
136.224 0.000 10.500 
136.282 0.000 10.500 
136.341 0.000 10.500 
136.397 0.000 10.500 
136.454 0.000 10.500 
136.512 0.000 10.500 
136.570 0.000 10.500 
136.624 0.000 10.500 
136.685 0.000 10.500 
136.746 0.000 10.500 
136.803 0.000 10.500 
136.858 0.000 10.500 
136.917 0.000 10.500 
136.973 0.000 10.500 
137.029 0.000 10.500 
137.084 0.000 10.500 
137.140 0.000 10.500 
137.194 0.000 10.500 
137.255 0.000 10.500 
137.309 0.000 10.500 
137.365 0.000 10.500 
137.419 0.000 10.500 
137.469 0.000 10.500 
137.525 0.000 10.500 
137.584 0.000 10.500 
137.638 0.000 10.500 
137.696 0.000 10.500 
137.750 0.000 10.500 
137.805 0.000 10.500 
137.861 0.000 10.500 
137.915 0.000 10.500 
137.971 0.000 10.500 
138.026 0.000 10.500 
138.085 0.000 10.500 
138.139 0.000 10.500 
138.193 0.000 10.500 
138.254 0.000 10.500 
138.330 0.000 10.500 
138.386 0.000 10.500 
138.441 0.000 10.500 
138.495 0.000 10.500 
138.550 0.000 10.500 
138.606 0.000 10.500 
138.662 0.000 10.500 
138.716 0.000 10.500 
138.770 0.000 10.500 
138.827 0.000 10.500 
138.885 0.000 10.500 
138.941 0.000 10.500 
138.997 0.000 10.500 
139.053 0.000 10.500 
139.108 0.000 10.500 
139.182 0.000 10.500 
139.238 0.000 10.500 
139.297 0.000 10.500 
139.350 0.000 10.500 
139.406 0.000 10.500 
139.459 0.000 10.500 
139.517 0.000 10.500 
139.590 0.000 10.500 
139.647 0.000 10.500 
139.702 0.000 10.500 
139.758 0.000 10.500 
139.814 0.000 10.500 
139.871 0.000 10.500 
139.927 0.000 10.500 
139.987 0.000 10.500 
140.046 0.000 10.500 
140.105 0.000 10.500 
140.162 0.000 10.500 
140.216 0.000 10.500 
140.269 0.000 10.500 
140.325 0.000 10.500 
140.379 0.000 10.500 
140.433 0.000 10.500 
140.486 0.000 10.500 
140.542 0.000 10.500 
140.596 0.000 10.500 
140.658 0.000 10.500 
140.714 0.000 10.500 
140.769 0.000 10.500 
140.826 0.000 10.500 
140.882 0.000 10.500 
140.941 0.000 10.500 
141.015 0.000 10.500 
141.076 0.000 10.500 
141.120 0.000 10.500 
141.179 0.000 10.500 
141.237 0.000 10.500 
141.292 0.000 10.500 
141.346 0.000 10.500 
141.417 0.000 10.500 
141.475 0.000 10.500 
141.529 0.000 10.500 
141.583 0.000 10.500 
141.638 0.000 10.500 
141.694 0.000 10.500 
141.749 0.000 10.500 
141.823 0.000 10.500 
141.880 0.000 10.500 
141.935 0.000 10.500 
141.991 0.000 10.500 
142.044 0.000 10.500 
142.100 0.000 10.500 
142.158 0.000 10.500 
142.216 0.000 10.500 
142.271 0.000 10.500 
142.326 0.000 10.500 
142.385 0.000 10.500 
142.444 0.000 10.500 
142.497 0.000 10.500 
142.553 0.000 10.500 
142.609 0.000 10.500 
142.668 0.000 10.500 
142.726 0.000 10.500 
142.782 0.000 10.500 
142.843 0.000 10.500 
142.903 0.000 10.500 
142.959 0.000 10.500 
143.016 0.000 10.500 
143.074 0.000 10.500 
143.132 0.000 10.500 
143.188 0.000 10.500 
143.247 0.000 10.500 
143.305 0.000 10.500 
143.358 0.000 10.500 
143.415 0.000 10.500 
143.469 0.000 10.500 
143.523 0.000 10.500 
143.579 0.000 10.500 
143.655 0.000 10.500 
143.712 0.000 10.500 
143.770 0.000 10.500 
143.823 0.000 10.500 
143.878 0.000 10.500 
143.933 0.000 10.500 
143.989 0.000 10.500 
144.050 0.000 10.500 
144.109 0.000 10.500 
144.170 0.000 10.500 
144.227 0.000 10.500 
144.283 0.000 10.500 
144.343 0.000 10.500 
144.417 0.000 10.500 
144.471 0.000 10.500 
144.529 0.000 10.500 
144.586 0.000 10.500 
144.642 0.000 10.500 
144.700 0.000 10.500 
144.755 0.000 10.500 
144.813 0.000 10.500 
144.870 0.000 10.500 
144.930 0.000 10.500 
144.984 0.000 10.500 
145.047 0.000 10.500 
145.103 0.000 10.500 
145.156 0.000 10.500 
145.221 0.000 10.500 
145.278 0.000 10.500 
145.333 0.000 10.500 
145.388 0.000 10.500 
145.442 0.000 10.500 
145.494 0.000 10.500 
145.552 0.000 10.500 
145.606 0.000 10.500 
145.661 0.000 10.500 
145.720 0.000 10.500 
145.793 0.000 10.500 
145.847 0.000 10.500 
145.903 0.000 10.500 
145.957 0.000 10.500 
146.012 0.000 10.500 
146.068 0.000 10.500 
146.129 0.000 10.500 
146.192 0.000 10.500 
146.251 0.000 10.500 
146.305 0.000 10.500 
146.361 0.000 10.500 
146.417 0.000 10.500 
146.473 0.000 10.500 
146.528 0.000 10.500 
146.582 0.000 10.500 
146.639 0.000 10.500 
146.692 0.000 10.500 
146.746 0.000 10.500 
146.805 0.000 10.500 
146.860 0.000 10.500 
146.920 0.000 10.500 
146.976 0.000 10.500 
147.030 0.000 10.500 
147.108 0.000 10.500 
147.169 0.000 10.500 
147.224 0.000 10.500 
147.279 0.000 10.500 
147.337 0.000 10.500 
147.396 0.000 10.500 
147.454 0.000 10.500 
147.509 0.000 10.500 
147.566 0.000 10.500 
147.621 0.000 10.500 
147.676 0.000 10.500 
147.732 0.000 10.500 
147.787 0.000 10.500 
147.842 0.000 10.500 
147.898 0.000 10.500 
147.971 0.000 10.500 
148.027 0.000 10.500 
148.084 0.000 10.500 
148.143 0.000 10.500 
148.197 0.000 10.500 
148.257 0.000 10.500 
148.315 0.000 10.500 
148.371 0.000 10.500 
148.429 0.000 10.500 
148.483 0.000 10.500 
148.538 0.000 10.500 
148.593 0.000 10.500 
148.652 0.000 10.500 
148.708 0.000 10.500 
148.766 0.000 10.500 
148.822 0.000 10.500 
148.877 0.000 10.500 
148.934 0.000 10.500 
148.989 0.000 10.500 
149.044 0.000 10.500 
149.099 0.000 10.500 
149.153 0.000 10.500 
149.208 0.000 10.500 
149.263 0.000 10.500 
149.307 0.000 10.500 
149.383 0.000 10.500 
149.438 0.000 10.500 
149.494 0.000 10.500 
149.548 0.000 10.500 
149.605 0.000 10.500 
149.660 0.000 10.500 
149.716 0.000 10.500 
149.768 0.000 10.500 
149.825 0.000 10.500 
149.881 0.000 10.500 
149.939 0.000 10.500 
150.014 0.000 10.500 
150.070 0.000 10.500 
150.127 0.000 10.500 
150.182 0.000 10.500 
150.239 0.000 10.500 
150.299 0.000 10.500 
150.358 0.000 10.500 
150.418 0.000 10.500 
150.474 0.000 10.500 
150.529 0.000 10.500 
150.572 0.000 10.500 
150.631 0.000 10.500 
150.688 0.000 10.500 
150.746 0.000 10.500 
150.804 0.000 10.500 
150.857 0.000 10.500 
150.912 0.000 10.500 
150.970 0.000 10.500 
151.029 0.000 10.500 
151.089 0.000 10.500 
151.147 0.000 10.500 
151.202 0.000 10.500 
151.278 0.000 10.500 
151.332 0.000 10.500 
151.388 0.000 10.500 
151.444 0.000 10.500 
151.496 0.000 10.500 
151.555 0.000 10.500 
151.609 0.000 10.500 
151.686 0.000 10.500 
151.747 0.000 10.500 
151.802 0.000 10.500 
151.857 0.000 10.500 
151.911 0.000 10.500 
151.966 0.000 10.500 
152.021 0.000 10.500 
152.096 0.000 10.500 
152.151 0.000 10.500 
152.206 0.000 10.500 
152.263 0.000 10.500 
