time lick 
0.116 0.000 
0.170 0.000 
0.228 0.000 
0.282 0.000 
0.338 0.000 
0.394 0.000 
0.450 0.000 
0.504 0.000 
0.558 0.000 
0.619 0.000 
0.679 0.000 
0.734 0.000 
0.790 0.000 
0.849 0.000 
0.905 0.000 
0.961 0.000 
1.015 0.000 
1.072 0.000 
1.131 0.000 
1.185 0.000 
1.242 0.000 
1.297 0.000 
1.350 0.000 
1.407 0.000 
1.466 0.000 
1.541 0.000 
1.598 0.000 
1.655 0.000 
1.709 0.000 
1.767 0.000 
1.823 0.000 
1.882 0.000 
1.941 0.000 
1.996 0.000 
2.052 0.000 
2.107 0.000 
2.162 0.000 
2.221 0.000 
2.280 0.000 
2.337 0.000 
2.395 0.000 
2.451 0.000 
2.508 0.000 
2.567 0.000 
2.627 0.000 
2.680 0.000 
2.758 0.000 
2.814 0.000 
2.868 0.000 
2.927 0.000 
2.985 0.000 
3.039 0.000 
3.091 0.000 
3.149 0.000 
3.204 0.000 
3.262 0.000 
3.318 0.000 
3.373 0.000 
3.431 0.000 
3.486 0.000 
3.547 0.000 
3.608 0.000 
3.669 0.000 
3.727 0.000 
3.783 0.000 
3.838 0.000 
3.894 0.000 
3.953 0.000 
4.009 0.000 
4.084 0.000 
4.139 0.000 
4.192 0.000 
4.248 0.000 
4.304 0.000 
4.359 0.000 
4.412 0.000 
4.466 0.000 
4.526 0.000 
4.583 0.000 
4.639 0.000 
4.693 0.000 
4.750 0.000 
4.803 0.000 
4.860 0.000 
4.917 0.000 
4.992 0.000 
5.049 0.000 
5.105 0.000 
5.159 0.000 
5.212 0.000 
5.267 0.000 
5.323 0.000 
5.400 0.000 
5.456 0.000 
5.516 0.000 
5.569 0.000 
5.625 0.000 
5.680 0.000 
5.735 0.000 
5.789 0.000 
5.844 0.000 
5.900 0.000 
5.958 0.000 
6.013 0.000 
6.069 0.000 
6.127 0.000 
6.182 0.000 
6.238 0.000 
6.291 0.000 
6.367 0.000 
6.422 0.000 
6.476 0.000 
6.530 0.000 
6.586 0.000 
6.640 0.000 
6.698 0.000 
6.774 0.000 
6.829 0.000 
6.885 0.000 
6.942 0.000 
7.001 0.000 
7.055 0.000 
7.111 0.000 
7.170 0.000 
7.246 0.000 
7.301 0.000 
7.357 0.000 
7.413 0.000 
7.468 0.000 
7.521 0.000 
7.579 0.000 
7.637 0.000 
7.695 0.000 
7.749 0.000 
7.800 0.000 
7.857 0.000 
7.913 0.000 
7.970 0.000 
8.026 0.000 
8.101 0.000 
8.156 0.000 
8.209 0.000 
8.265 0.000 
8.321 0.000 
8.395 0.000 
8.453 0.000 
8.507 0.000 
8.560 0.000 
8.616 0.000 
8.669 0.000 
8.725 0.000 
8.782 0.000 
8.840 0.000 
8.899 0.000 
8.956 0.000 
9.011 0.000 
9.071 0.000 
9.129 0.000 
9.185 0.000 
9.238 0.000 
9.293 0.000 
9.353 0.000 
9.408 0.000 
9.466 0.000 
9.523 0.000 
9.577 0.000 
9.631 0.000 
9.684 0.000 
9.742 0.000 
9.798 0.000 
9.853 0.000 
9.906 0.000 
9.964 0.000 
10.022 0.000 
10.079 0.000 
10.135 0.000 
10.192 0.000 
10.248 0.000 
10.305 0.000 
10.360 0.000 
10.414 0.000 
10.471 0.000 
10.526 0.000 
10.582 0.000 
10.640 0.000 
10.693 0.000 
10.749 0.000 
10.803 0.000 
10.857 0.000 
10.912 0.000 
10.966 0.000 
11.023 0.000 
11.076 0.000 
11.132 0.000 
11.188 0.000 
11.247 0.000 
11.307 0.000 
11.365 0.000 
11.422 0.000 
11.479 0.000 
11.554 0.000 
11.609 0.000 
11.666 0.000 
11.726 0.000 
11.783 0.000 
11.835 0.000 
11.890 0.000 
11.946 0.000 
11.990 0.000 
12.044 0.000 
12.102 0.000 
12.158 0.000 
12.213 0.000 
12.269 0.000 
12.328 0.000 
12.384 0.000 
12.441 0.000 
12.500 0.000 
12.561 0.000 
12.619 0.000 
12.681 0.000 
12.742 0.000 
12.799 0.000 
12.853 0.000 
12.913 0.000 
12.974 0.000 
13.029 0.000 
13.087 0.000 
13.144 0.000 
13.201 0.000 
13.257 0.000 
13.313 0.000 
13.372 0.000 
13.428 0.000 
13.483 0.000 
13.539 0.000 
13.592 0.000 
13.648 0.000 
13.703 0.000 
13.757 0.000 
13.814 0.000 
13.868 0.000 
13.925 0.000 
13.983 0.000 
14.040 0.000 
14.096 0.000 
14.150 0.000 
14.210 0.000 
14.266 0.000 
14.320 0.000 
14.375 0.000 
14.448 0.000 
14.504 0.000 
14.560 0.000 
14.614 0.000 
14.671 0.000 
14.724 0.000 
14.782 0.000 
14.839 0.000 
14.897 0.000 
14.950 0.000 
15.005 0.000 
15.063 0.000 
15.116 0.000 
15.170 0.000 
15.224 0.000 
15.277 0.000 
15.332 0.000 
15.388 0.000 
15.450 0.000 
15.509 0.000 
15.564 0.000 
15.619 0.000 
15.678 0.000 
15.737 0.000 
15.828 1.000 
15.918 1.000 
15.983 0.000 
16.041 0.000 
16.118 0.000 
16.231 0.000 
16.285 0.000 
16.342 0.000 
16.397 0.000 
16.454 0.000 
16.508 0.000 
16.565 0.000 
16.626 0.000 
16.684 0.000 
16.738 0.000 
16.795 0.000 
16.852 0.000 
16.907 0.000 
16.962 0.000 
17.018 0.000 
17.072 0.000 
17.133 0.000 
17.190 0.000 
17.246 0.000 
17.305 0.000 
17.362 0.000 
17.416 0.000 
17.493 0.000 
17.548 0.000 
17.604 0.000 
17.661 0.000 
17.714 0.000 
17.769 0.000 
17.827 0.000 
17.887 0.000 
17.946 0.000 
18.001 0.000 
18.054 0.000 
18.100 0.000 
18.158 0.000 
18.210 0.000 
18.266 0.000 
18.322 0.000 
18.382 0.000 
18.439 0.000 
18.496 0.000 
18.573 0.000 
18.630 0.000 
18.689 0.000 
18.741 0.000 
18.794 0.000 
18.858 0.000 
18.934 0.000 
18.991 0.000 
19.043 0.000 
19.098 0.000 
19.154 0.000 
19.210 0.000 
19.266 0.000 
19.320 0.000 
19.365 0.000 
19.420 0.000 
19.476 0.000 
19.531 0.000 
19.587 0.000 
19.632 0.000 
19.690 0.000 
19.745 0.000 
19.803 0.000 
19.861 0.000 
19.915 0.000 
19.969 0.000 
20.025 0.000 
20.084 0.000 
20.141 0.000 
20.192 0.000 
20.247 0.000 
20.303 0.000 
20.359 0.000 
20.412 0.000 
20.467 0.000 
20.522 0.000 
20.579 0.000 
20.635 0.000 
20.692 0.000 
20.747 0.000 
20.805 0.000 
20.858 0.000 
20.913 0.000 
20.971 0.000 
21.031 0.000 
21.106 0.000 
21.163 0.000 
21.217 0.000 
21.276 0.000 
21.329 0.000 
21.384 0.000 
21.460 0.000 
21.516 0.000 
21.572 0.000 
21.630 0.000 
21.683 0.000 
21.740 0.000 
21.793 0.000 
21.851 0.000 
21.905 0.000 
21.966 0.000 
22.024 0.000 
22.086 0.000 
22.141 0.000 
22.197 0.000 
22.274 0.000 
22.328 0.000 
22.384 0.000 
22.441 0.000 
22.494 0.000 
22.555 0.000 
22.612 0.000 
22.671 0.000 
22.727 0.000 
22.781 0.000 
22.837 0.000 
22.895 0.000 
22.951 0.000 
23.006 0.000 
23.062 0.000 
23.115 0.000 
23.172 0.000 
23.227 0.000 
23.282 0.000 
23.341 0.000 
23.402 0.000 
23.459 0.000 
23.515 0.000 
23.570 0.000 
23.625 0.000 
23.685 0.000 
23.746 0.000 
23.804 0.000 
23.859 0.000 
23.912 0.000 
23.967 0.000 
24.021 0.000 
24.076 0.000 
24.133 0.000 
24.190 0.000 
24.247 0.000 
24.303 0.000 
24.357 0.000 
24.413 0.000 
24.470 0.000 
24.523 0.000 
24.579 0.000 
24.634 0.000 
24.693 0.000 
24.751 0.000 
24.807 0.000 
24.867 0.000 
24.923 0.000 
24.976 0.000 
25.030 0.000 
25.085 0.000 
25.141 0.000 
25.198 0.000 
25.252 0.000 
25.307 0.000 
25.365 0.000 
25.422 0.000 
25.479 0.000 
25.538 0.000 
25.595 0.000 
25.651 0.000 
25.707 0.000 
25.766 0.000 
25.825 0.000 
25.883 0.000 
25.938 0.000 
25.996 0.000 
26.052 0.000 
26.109 0.000 
26.164 0.000 
26.220 0.000 
26.271 0.000 
26.329 0.000 
26.386 0.000 
26.441 0.000 
26.497 0.000 
26.551 0.000 
26.606 0.000 
26.662 0.000 
26.715 0.000 
26.771 0.000 
26.826 0.000 
26.880 0.000 
26.934 0.000 
26.994 0.000 
27.051 0.000 
27.106 0.000 
27.160 0.000 
27.215 0.000 
27.269 0.000 
27.326 0.000 
27.381 0.000 
27.434 0.000 
27.488 0.000 
27.548 0.000 
27.603 0.000 
27.656 0.000 
27.713 0.000 
27.770 0.000 
27.824 0.000 
27.881 0.000 
27.938 0.000 
27.995 0.000 
28.050 0.000 
28.109 0.000 
28.165 0.000 
28.223 0.000 
28.281 0.000 
28.335 0.000 
28.390 0.000 
28.445 0.000 
28.503 0.000 
28.554 0.000 
28.610 0.000 
28.666 0.000 
28.721 0.000 
28.781 0.000 
28.836 0.000 
28.891 0.000 
28.948 0.000 
29.007 0.000 
29.064 0.000 
29.117 0.000 
29.173 0.000 
29.233 0.000 
29.293 0.000 
29.351 0.000 
29.404 0.000 
29.458 0.000 
29.514 0.000 
29.569 0.000 
29.622 0.000 
29.681 0.000 
29.737 0.000 
29.795 0.000 
29.852 0.000 
29.904 0.000 
29.959 0.000 
30.017 0.000 
30.071 0.000 
30.128 0.000 
30.185 0.000 
30.261 0.000 
30.318 0.000 
30.374 0.000 
30.426 0.000 
30.483 0.000 
30.539 0.000 
30.595 0.000 
30.651 0.000 
30.712 0.000 
30.766 0.000 
30.823 0.000 
30.880 0.000 
30.940 0.000 
30.994 0.000 
31.071 0.000 
31.125 0.000 
31.180 0.000 
31.235 0.000 
31.290 0.000 
31.331 0.000 
31.389 0.000 
31.443 0.000 
31.497 0.000 
31.551 0.000 
31.605 0.000 
31.682 0.000 
31.743 0.000 
31.799 0.000 
31.855 0.000 
31.908 0.000 
31.964 0.000 
32.024 0.000 
32.081 0.000 
32.136 0.000 
32.193 0.000 
32.250 0.000 
32.309 0.000 
32.365 0.000 
32.419 0.000 
32.495 0.000 
32.552 0.000 
32.610 0.000 
32.666 0.000 
32.724 0.000 
32.784 0.000 
32.839 0.000 
32.897 0.000 
32.954 0.000 
33.011 0.000 
33.070 0.000 
33.128 0.000 
33.181 0.000 
33.221 0.000 
33.278 0.000 
33.331 0.000 
33.386 0.000 
33.465 0.000 
33.519 0.000 
33.575 0.000 
33.631 0.000 
33.683 0.000 
33.738 0.000 
33.794 0.000 
33.850 0.000 
33.906 0.000 
33.960 0.000 
34.017 0.000 
34.072 0.000 
34.129 0.000 
34.187 0.000 
34.244 0.000 
34.302 0.000 
34.356 0.000 
34.416 0.000 
34.475 0.000 
34.532 0.000 
34.587 0.000 
34.632 0.000 
34.689 0.000 
34.744 0.000 
34.801 0.000 
34.859 0.000 
34.915 0.000 
34.978 0.000 
35.034 0.000 
35.088 0.000 
35.146 0.000 
35.204 0.000 
35.258 0.000 
35.312 0.000 
35.367 0.000 
35.424 0.000 
35.479 0.000 
35.536 0.000 
35.593 0.000 
35.647 0.000 
35.702 0.000 
35.758 0.000 
35.803 0.000 
35.860 0.000 
35.916 0.000 
35.975 0.000 
36.032 0.000 
36.086 0.000 
36.140 0.000 
36.198 0.000 
36.274 0.000 
36.330 0.000 
36.385 0.000 
36.446 0.000 
36.503 0.000 
36.560 0.000 
36.617 0.000 
36.673 0.000 
36.731 0.000 
36.787 0.000 
36.840 0.000 
36.896 0.000 
36.954 0.000 
37.010 0.000 
37.084 0.000 
37.139 0.000 
37.194 0.000 
37.252 0.000 
37.309 0.000 
37.371 0.000 
37.429 0.000 
37.483 0.000 
37.539 0.000 
37.595 0.000 
37.647 0.000 
37.700 0.000 
37.758 0.000 
37.814 0.000 
37.868 0.000 
37.919 0.000 
37.974 0.000 
38.029 0.000 
38.089 0.000 
38.148 0.000 
38.205 0.000 
38.263 0.000 
38.320 0.000 
38.377 0.000 
38.430 0.000 
38.471 0.000 
38.526 0.000 
38.603 0.000 
38.658 0.000 
38.717 0.000 
38.774 0.000 
38.827 0.000 
38.881 0.000 
38.925 0.000 
38.982 0.000 
39.046 0.000 
39.105 0.000 
39.164 0.000 
39.217 0.000 
39.273 0.000 
39.330 0.000 
39.384 0.000 
39.439 0.000 
39.493 0.000 
39.550 0.000 
39.603 0.000 
39.659 0.000 
39.715 0.000 
39.771 0.000 
39.826 0.000 
39.881 0.000 
39.934 0.000 
39.990 0.000 
40.048 0.000 
40.104 0.000 
40.163 0.000 
40.220 0.000 
40.276 0.000 
40.337 0.000 
40.381 0.000 
40.438 0.000 
40.493 0.000 
40.548 0.000 
40.603 0.000 
40.658 0.000 
40.712 0.000 
40.785 0.000 
40.842 0.000 
40.897 0.000 
40.952 0.000 
41.005 0.000 
41.063 0.000 
41.119 0.000 
41.193 0.000 
41.253 0.000 
41.307 0.000 
41.366 0.000 
41.420 0.000 
41.478 0.000 
41.531 0.000 
41.590 0.000 
41.647 0.000 
41.702 0.000 
41.755 0.000 
41.812 0.000 
41.867 0.000 
41.922 0.000 
41.978 0.000 
42.036 0.000 
42.093 0.000 
42.150 0.000 
42.208 0.000 
42.263 0.000 
42.320 0.000 
42.378 0.000 
42.431 0.000 
42.488 0.000 
42.550 0.000 
42.606 0.000 
42.661 0.000 
42.717 0.000 
42.771 0.000 
42.825 0.000 
42.881 0.000 
42.935 0.000 
42.992 0.000 
43.048 0.000 
43.104 0.000 
43.166 0.000 
43.223 0.000 
43.278 0.000 
43.333 0.000 
43.389 0.000 
43.443 0.000 
43.500 0.000 
43.556 0.000 
43.612 0.000 
43.665 0.000 
43.708 0.000 
43.765 0.000 
43.826 0.000 
43.883 0.000 
43.937 0.000 
43.993 0.000 
44.051 0.000 
44.102 0.000 
44.146 0.000 
44.204 0.000 
44.259 0.000 
44.319 0.000 
44.378 0.000 
44.436 0.000 
44.497 0.000 
44.555 0.000 
44.609 0.000 
44.664 0.000 
44.719 0.000 
44.772 0.000 
44.829 0.000 
44.883 0.000 
44.938 0.000 
44.989 0.000 
45.044 0.000 
45.099 0.000 
45.157 0.000 
45.213 0.000 
45.270 0.000 
45.327 0.000 
45.381 0.000 
45.437 0.000 
45.493 0.000 
45.550 0.000 
45.610 0.000 
45.668 0.000 
45.725 0.000 
45.781 0.000 
45.836 0.000 
45.893 0.000 
45.946 0.000 
46.000 0.000 
46.061 0.000 
46.119 0.000 
46.173 0.000 
46.233 0.000 
46.287 0.000 
46.343 0.000 
46.402 0.000 
46.465 0.000 
46.529 0.000 
46.585 0.000 
46.640 0.000 
46.694 0.000 
46.749 0.000 
46.803 0.000 
46.858 0.000 
46.913 0.000 
46.968 0.000 
47.024 0.000 
47.082 0.000 
47.138 0.000 
47.195 0.000 
47.253 0.000 
47.309 0.000 
47.363 0.000 
47.417 0.000 
47.475 0.000 
47.530 0.000 
47.586 0.000 
47.641 0.000 
47.696 0.000 
47.749 0.000 
47.804 0.000 
47.858 0.000 
47.915 0.000 
47.971 0.000 
48.026 0.000 
48.081 0.000 
48.135 0.000 
48.198 0.000 
48.255 0.000 
48.309 0.000 
48.367 0.000 
48.422 0.000 
48.479 0.000 
48.536 0.000 
48.592 0.000 
48.655 0.000 
48.716 0.000 
48.773 0.000 
48.827 0.000 
48.880 0.000 
48.935 0.000 
48.990 0.000 
49.046 0.000 
49.102 0.000 
49.158 0.000 
49.214 0.000 
49.272 0.000 
49.332 0.000 
49.387 0.000 
49.442 0.000 
49.496 0.000 
49.550 0.000 
49.603 0.000 
49.663 0.000 
49.718 0.000 
49.773 0.000 
49.826 0.000 
49.882 0.000 
49.936 0.000 
49.993 0.000 
50.037 0.000 
50.094 0.000 
50.151 0.000 
50.205 0.000 
50.259 0.000 
50.313 0.000 
50.367 0.000 
50.420 0.000 
50.476 0.000 
50.530 0.000 
50.585 0.000 
50.642 0.000 
50.697 0.000 
50.754 0.000 
50.811 0.000 
50.866 0.000 
50.921 0.000 
50.975 0.000 
51.029 0.000 
51.086 0.000 
51.140 0.000 
51.199 0.000 
51.257 0.000 
51.312 0.000 
51.363 0.000 
51.418 0.000 
51.474 0.000 
51.527 0.000 
51.583 0.000 
51.640 0.000 
51.696 0.000 
51.749 0.000 
51.807 0.000 
51.870 0.000 
51.928 0.000 
51.983 0.000 
52.039 0.000 
52.097 0.000 
52.150 0.000 
52.226 0.000 
52.284 0.000 
52.339 0.000 
52.394 0.000 
52.448 0.000 
52.503 0.000 
52.561 0.000 
52.621 0.000 
52.679 0.000 
52.735 0.000 
52.790 0.000 
52.851 0.000 
52.909 0.000 
52.962 0.000 
53.017 0.000 
53.073 0.000 
53.129 0.000 
53.185 0.000 
53.240 0.000 
53.298 0.000 
53.352 0.000 
53.407 0.000 
53.465 0.000 
53.519 0.000 
53.572 0.000 
53.632 0.000 
53.688 0.000 
53.742 0.000 
53.799 0.000 
53.853 0.000 
53.911 0.000 
53.968 0.000 
54.022 0.000 
54.075 0.000 
54.129 0.000 
54.186 0.000 
54.241 0.000 
54.294 0.000 
54.350 0.000 
54.409 0.000 
54.464 0.000 
54.519 0.000 
54.575 0.000 
54.629 0.000 
54.684 0.000 
54.740 0.000 
54.797 0.000 
54.852 0.000 
54.907 0.000 
54.963 0.000 
55.018 0.000 
55.072 0.000 
55.130 0.000 
55.183 0.000 
55.240 0.000 
55.291 0.000 
55.348 0.000 
55.402 0.000 
55.455 0.000 
55.509 0.000 
55.565 0.000 
55.622 0.000 
55.682 0.000 
55.739 0.000 
55.794 0.000 
55.853 0.000 
55.912 0.000 
55.971 0.000 
56.032 0.000 
56.087 0.000 
56.144 0.000 
56.200 0.000 
56.256 0.000 
56.310 0.000 
56.366 0.000 
56.421 0.000 
56.475 0.000 
56.529 0.000 
56.590 0.000 
56.650 0.000 
56.704 0.000 
56.760 0.000 
56.819 0.000 
56.875 0.000 
56.934 0.000 
56.998 0.000 
57.060 0.000 
57.117 0.000 
57.172 0.000 
57.226 0.000 
57.281 0.000 
57.337 0.000 
57.412 0.000 
57.470 0.000 
57.525 0.000 
57.584 0.000 
57.640 0.000 
57.697 0.000 
57.758 0.000 
57.814 0.000 
57.869 0.000 
57.928 0.000 
57.986 0.000 
58.042 0.000 
58.100 0.000 
58.157 0.000 
58.216 0.000 
58.290 0.000 
58.346 0.000 
58.403 0.000 
58.460 0.000 
58.517 0.000 
58.577 0.000 
58.632 0.000 
58.685 0.000 
58.741 0.000 
58.794 0.000 
58.849 0.000 
58.904 0.000 
58.960 0.000 
59.016 0.000 
59.072 0.000 
59.147 0.000 
59.203 0.000 
59.259 0.000 
59.314 0.000 
59.370 0.000 
59.431 0.000 
59.492 0.000 
59.552 0.000 
59.606 0.000 
59.661 0.000 
59.717 0.000 
59.774 0.000 
59.829 0.000 
59.881 0.000 
59.940 0.000 
59.995 0.000 
60.050 0.000 
60.109 0.000 
60.166 0.000 
60.225 0.000 
60.280 0.000 
60.336 0.000 
60.389 0.000 
60.441 0.000 
60.495 0.000 
60.571 0.000 
60.625 0.000 
60.680 0.000 
60.736 0.000 
60.796 0.000 
60.851 0.000 
60.908 0.000 
60.962 0.000 
61.019 0.000 
61.076 0.000 
61.132 0.000 
61.185 0.000 
61.241 0.000 
61.297 0.000 
61.350 0.000 
61.405 0.000 
61.475 0.000 
61.533 0.000 
61.590 0.000 
61.647 0.000 
61.700 0.000 
61.757 0.000 
61.811 0.000 
61.884 0.000 
61.940 0.000 
61.997 0.000 
62.052 0.000 
62.135 1.000 
62.211 1.000 
62.263 1.000 
62.346 1.000 
62.395 0.000 
62.456 0.000 
62.511 0.000 
62.569 0.000 
